PD_whole_tree	chao1	observed_otus	shannon	simpson
L.035.M1	55.71396	1107.38636364	400	6.85722159346	0.981181500328
CS.296	75.7059	1219.23809524	493	7.25488836903	0.983416473433
CS.035	65.71162	685.135135135	315	6.36193399321	0.965595480755
L.022.M1	93.75942	990	476	7.53865164893	0.988110700848
CS.354	60.82721	1116.7755102	419	6.82118206902	0.974552793074
CS.105	69.69049	700.127659574	338	6.35411311319	0.961236586405
CS.243	59.8319	635.375	338	6.42809629799	0.96690327971
CS.039	63.3587	645.636363636	323	6.48697468786	0.972185428733
CS.244	63.61954	489.161290323	274	6.76268413751	0.983052833031
CS.038	51.52944	592.8	282	6.07038893117	0.957079327392
L.006.M1	65.54753	661.270833333	362	7.24298862949	0.987928227401
L.011.M1	57.58105	829.125	303	6.31546578459	0.973151797657
CS.257	71.43757	1174.38181818	454	6.94926444886	0.978245376269
CS.094	49.85586	923.689655172	298	5.56849439107	0.931827876586
L.012.M1	65.23339	965.32	406	7.06225621307	0.984788726015
CS.154	30.01407	460	156	4.85330479262	0.935241741389
CS.171	62.12473	644.375	302	6.02866622131	0.944641083657
CS.377	58.07419	711.72	345	6.72719928304	0.981058690037
CS.334	46.2462	583	303	6.41928034707	0.974082891285
CS.122	66.96008	592.7	302	6.40043786684	0.97152390805
CS.153	75.75788	749.317073171	352	6.86003894222	0.982335133172
CS.072	85.78439	1171.27083333	437	7.02835033787	0.981414491484
CS.248	72.61941	781.153846154	340	6.86956514619	0.98420907886
CS.367	35.51786	519.029411765	241	5.76612704329	0.963685824274
CS.305	77.52314	1076.62295082	459	7.06400878246	0.977686197495
CS.368	79.21084	1118.78846154	441	7.18501345283	0.984324485694
CS.067	35.34234	309.882352941	151	5.12352270866	0.944192956743
CS.062	63.05917	793.777777778	321	6.3955299512	0.970645074121
CS.360	60.72465	880.1	414	7.09051462288	0.984522201553
CS.269	35.64252	530.875	244	5.63820648881	0.953633235775
CS.136	64.14091	552.825	299	6.56178134304	0.977852993033
CS.302	37.88055	655.59375	268	5.84781774126	0.959819042084
CS.125	51.33107	765.220338983	368	6.42363013852	0.964026818806
CS.126	72.30157	1211.87301587	476	7.0231210093	0.978482286902
CS.378	47.24715	569.085714286	279	6.46954394962	0.979322797052
CS.041	50.89165	534.833333333	251	5.60514453667	0.932337408646
CS.203	59.31398	919.344262295	405	6.38679076113	0.962855330565
CS.375	53.81888	1000.02040816	380	6.38446698704	0.97116331613
CS.236	46.20137	433.166666667	210	5.55428021609	0.95268254476
CS.128	70.82491	1293.68421053	475	7.10430674274	0.979665969072
CS.292	64.59762	598.068181818	298	6.23962856774	0.966922441599
CS.205	50.88079	888	402	6.5871287965	0.971146767226
CS.376	55.0281	929.346938776	373	6.415152378	0.968378309699
CS.374	55.49643	923.660377358	378	6.69097223461	0.980555254941
CS.232	87.36415	833.12244898	398	7.12496767232	0.984138528267
CS.147	58.42932	847.230769231	406	6.74398006229	0.977459303304
CS.256	57.61418	716.631578947	364	6.57085381868	0.974419530843
CS.183	49.17559	583.914893617	303	5.98932294483	0.956720477462
CS.254	62.16516	754.75	389	6.85870674223	0.977434915445
CS.177	47.46495	668.033898305	354	6.15596419519	0.956793205542
CS.386	41.30146	534.125	279	5.56718084205	0.937366533629
CS.369	48.5155	451	271	5.76314234833	0.957610198829
CS.372	57.11989	722.566037736	362	6.75957425621	0.979794440831
CS.385	65.50113	890.038461538	388	6.87889430286	0.982373892448
CS.359	38.89341	629.75	313	6.1070300499	0.968807274724
CS.178	67.57516	702.666666667	358	6.77081022645	0.977249829013
CS.268	59.68666	596.083333333	298	6.55616118203	0.977718859807
CS.349	74.49299	795.6	429	7.02620693026	0.980594885213
CS.389	53.36524	717.781818182	345	6.38418449585	0.97160360409
CS.214	57.23535	744.666666667	346	6.29829327614	0.97100392405
T.CS.024	65.71117	1028.5	406	6.75847969423	0.976613567184
T.CS.035	76.21983	1083.65454545	438	7.05710720871	0.981128805132
T.CS.076	76.56586	892.720588235	435	7.24970832703	0.987209656547
T.CS.082	68.62443	973.185185185	406	6.64423600989	0.971670235206
T.CS.007	48.22489	745.765957447	335	6.23828935331	0.967427618684
T.CS.029	80.9126	789.4	412	6.94437874091	0.976970239626
T.CS.012	50.08713	839.019230769	363	6.65453843847	0.980076207705
T.CS.072	85.50214	843.153846154	438	7.24228384431	0.983714353714
T.CS.028	75.67955	1309.42857143	487	7.08161433161	0.977649180209
T.CS.040	82.47706	1217.30434783	496	7.10084344328	0.98060577265
T.CS.042	85.55983	1109.50704225	507	7.39830215795	0.983956490317
T.CS.001	51.28516	791.918367347	361	6.26814834108	0.959664440476
T.CS.058	66.55328	897.37254902	381	6.65214767477	0.976433706722
T.CS.062	71.71145	1043.19565217	404	6.73537592434	0.969595525176
T.CS.089	70.10242	889.05	419	6.78507802949	0.970583233477
T.CS.111	64.07223	1353.78181818	466	6.74258506348	0.974117731084
T.CS.115	92.23456	870.467741935	427	7.149093667	0.984338421613
T.CS.102	79.21437	1029.43589744	481	6.92900697563	0.975910674239
T.CS.121	77.30013	1093.88888889	451	7.26419737759	0.986044700769
T.CS.106	83.0265	801.554054054	430	6.87441342946	0.974452193154
T.CS.139	82.92212	1050.20547945	488	7.27250025817	0.98383977699
T.CS.144	74.32503	977.3	446	7.07943433156	0.978432640188
T.CS.120	73.60569	1351.02040816	460	7.04286832258	0.981471106157
T.CS.105	90.85852	720.303571429	386	7.05814609918	0.983396876046
T.CS.116	65.95387	635.9375	296	6.41060627964	0.969754917257
T.CS.167	67.45713	1092.47761194	454	6.64247245951	0.969674350221
T.CS.092	87.55825	790.051724138	426	7.29315841023	0.976431529234
T.CS.178	86.36602	914.050847458	432	7.21062976028	0.984780451563
T.CS.117	62.96756	1080.01886792	410	6.52233215633	0.971533053497
T.CS.122	76.49354	1227.68493151	502	6.96681409584	0.977097404892
CS.246	72.58829	1082.61111111	425	6.81818603639	0.977180149415
CS.006	60.00565	727.487179487	319	6.23407554922	0.959827752034
CS.241	75.66734	726.2	368	6.85324627946	0.981113127223
CS.103	70.81369	545.630434783	328	6.92782641686	0.982591205694
CS.237	57.98729	597.757575758	277	5.98425714399	0.957877158788
CS.015	55.59772	709.317073171	312	5.93450621484	0.95455779694
CS.110	51.46509	583.4	248	5.88367919275	0.961447802687
L.034.M1	70.75508	1058.01587302	460	7.21846032357	0.984031395885
CS.088	40.29899	544.913043478	224	5.70294605883	0.957408127994
CS.082	89.14972	719	410	7.08168303188	0.980971155042
CS.238	66.18718	604	310	6.78334257858	0.982936990699
L.024.M1	56.79889	802.368421053	372	6.56552259482	0.975507403566
CS.242	73.69293	1106.54237288	435	6.62854487692	0.96826377386
CS.085	80.66386	677.960784314	376	7.1406687311	0.98487277703
CS.087	50.38845	781.75	295	5.78199966618	0.947000173546
CS.207	46.48063	583.27027027	269	5.94464040511	0.962924139168
CS.165	47.92018	880.625	275	6.05074099901	0.969080767146
CS.233	64.39509	465.069767442	264	6.00055573421	0.962936333098
CS.346	39.3207	472.666666667	209	5.35391085463	0.943672537245
CS.164	34.23974	265.1875	127	4.474847785	0.918791259304
CS.189	53.15177	700.923076923	297	6.12030120477	0.967521686142
CS.187	60.15305	960.222222222	375	6.40752613733	0.965895974022
CS.308.0	46.10123	522.451612903	235	5.26081522864	0.933720548666
CS.304	50.77043	666.95	295	6.06768128883	0.9621907614
CS.330	57.16872	860.245283019	389	6.71392196499	0.973972710421
CS.347.0	43.29714	470.034482759	232	6.06462280369	0.969047669337
CS.228	56.21136	460.108108108	254	6.01750865849	0.96295157551
CS.234	37.48329	452.083333333	258	5.59677968789	0.941445838593
CS.336	62.30037	949.9	364	6.8173638144	0.982815922398
CS.311	57.14124	699.871794872	305	6.28005565622	0.971325756693
CS.321	59.33279	1066.12244898	400	6.50523760779	0.971733817839
CS.339	42.78467	1062.26086957	298	5.93989961751	0.955460147734
CS.163	48.48348	482.724137931	224	5.61125977418	0.957438177321
CS.361	48.34804	846.65	329	6.0839114268	0.959404448476
CS.080	46.68489	562.387096774	253	6.1549317024	0.971206865879
CS.158	52.29032	487.75	237	6.1880105362	0.974004937235
CS.322	49.82949	778.019230769	356	6.5752519076	0.977547273797
CS.343	44.51465	705.75	342	6.32668288632	0.966822277177
CS.318	51.06444	945.837209302	365	6.64404594304	0.975062760632
CS.202	50.96405	914.645833333	366	6.07334563574	0.954360952076
CS.112	52.42753	423.823529412	241	5.87623492148	0.956752704276
CS.320	58.78536	1218.48648649	384	6.76643098394	0.981705839303
CS.194	40.20467	712.2	330	6.10918845056	0.964248487027
CS.152	87.54165	1207.08196721	501	7.57518731551	0.989029600546
CS.331	69.81227	900.166666667	402	6.84844477802	0.980614047102
CS.270	55.99204	780.738095238	335	6.42339109332	0.97373710628
CS.326	56.58978	797.32	350	6.40306491496	0.973306834763
CS.145	76.54653	1125.64179104	474	7.01539840853	0.978578531847
CS.393	55.79994	678.096774194	278	6.02509040176	0.963987188535
CS.262	54.74726	845.833333333	404	6.64796585148	0.975349753476
CS.255	63.33195	817.3	386	6.79222140496	0.980752535303
CS.253	35.3477	452	193	5.19197465655	0.944494756501
CS.390	56.30072	733.5	376	6.48283351825	0.970498311467
CS.370	66.09111	965	421	6.862358157	0.978998786922
T.CS.055	68.59212	1196.28571429	433	6.76564831284	0.975867559988
T.CS.036	73.66872	728.75	384	6.98749520503	0.980229067323
TFS.025	55.15351	777.637931034	381	6.71581603945	0.976676278822
T.CS.064	78.30626	1207.17808219	508	7.17147354262	0.977475852209
T.CS.031	69.59732	1055.25	450	7.10036882505	0.982170950619
TFS.020	74.43619	920	430	7.13757444011	0.984555299362
T.CS.043	62.43045	1125.4	417	6.89697890561	0.97904407866
T.CS.061	64.21836	1020.47169811	419	6.95588355221	0.982369101976
T.CS.026	47.56452	644.87755102	327	6.29978642405	0.972353966261
TFS.022	85.35109	923.585365854	484	7.53049887882	0.988977776345
T.CS.008	57.31252	887.5	436	6.58064120084	0.956473114889
T.CS.066	82.80711	1037.33333333	448	7.01610680501	0.979691227927
T.CS.045	65.05925	893.169491525	403	6.35761728919	0.947492721204
T.CS.049	50.15581	862.62	372	6.56196279248	0.974686055305
TFS.021	74.06193	1249.06521739	589	7.7528956303	0.9875297472
T.CS.157	60.1959	897.659574468	371	6.57682651712	0.974680829335
T.CS.095	81.92477	1068.01408451	494	7.4123257758	0.984782193553
T.CS.166	78.041	1034.08333333	472	7.11500391965	0.980617531082
T.CS.141	57.93121	978.701754386	415	6.85157191148	0.979743487625
T.CS.152	71.33776	1121.63793103	453	6.84242072759	0.972753317457
T.CS.142	61.04052	1043.50847458	428	6.72773244955	0.977238506078
T.CS.109	84.20443	1256.125	487	7.446466494	0.9877030752
T.CS.158	79.81069	1075.36842105	497	7.07137945874	0.977147922601
T.CS.151	68.85297	1059.6557377	451	6.86014303146	0.976006919184
