p__Euryarchaeota	k__Bacteria	p__Actinobacteria	p__Bacteroidetes	p__Cyanobacteria	p__Elusimicrobia	p__Firmicutes	p__Fusobacteria	p__Lentisphaerae	p__Proteobacteria	p__Tenericutes	p__Verrucomicrobia
CS.265	0.0474221933502628	0.0106498159412587	0.029862792574657	0.0746471387232032	0	0	0.637551920313392	0.00053150652571901	0.00917340892537255	0.176538908246225	0.0109254119175574	0.00263784720171657
CS.092	0.00926940782262863	0.0117120220461591	0.192559421288322	0.162840948235368	3.131556696834e-05	0	0.539441956596624	6.26311339366799e-05	0.0018789340181004	0.0675789935176776	0.014279898537563	0.00034447123665174
CS.101	0.00108764297242299	0.000105255771524805	0.0725563118377658	0.350010525577152	0	3.50852571749351e-05	0.522103712020209	0	0.00171917760157182	0.0523822889621781	0	0
CS.099	0.000668121687229968	0.00106899469956795	0.106721304173533	0.410449423188277	0	0	0.370896619304263	0	0.000801746024675961	0.108235713331255	0.000400873012337981	0.00075720457886063
CS.043	7.70445702839092e-05	0.000577834277129319	0.0620208790785469	0.32913440425286	0	0	0.573096036056859	7.70445702839092e-05	0	0.0342077892060557	0.000808967987981047	0
L.005.M1	0	3.65523795599094e-05	0.0455077125520871	0.279211443331628	0	1.21841265199698e-05	0.494858298608573	0	4.87365060798791e-05	0.179070107463996	0.00125496503155689	0
L.007.M1	0.000132049809188026	0.00130729311096145	0.0623539198985857	0.373965059620489	2.64099618376051e-05	1.32049809188026e-05	0.481744113879755	0.00345970500072627	2.64099618376051e-05	0.0747533969813414	0.000171664751944433	0
CS.295	0	4.15305387895232e-05	0.0688299462871698	0.352165125422227	1.38435129298411e-05	0	0.553698986654854	0	0.00012459161636857	0.025001384351293	4.15305387895232e-05	1.38435129298411e-05
CS.094	0	0	0.0872874540441176	0.293830422794118	0	0	0.339211856617647	0.0186121323529412	0	0.261058134191176	0	0
CS.106	0.000118768371982541	0.000653226045903976	0.0843255441076042	0.116007007333947	0	0	0.756702989993765	0.00187060185872502	8.90762789869058e-05	0.0356602036877579	0.000296920929956353	0.00427566139137148
CS.277	0.000122733269921144	0.00144211592157344	0.0363290478966586	0.328771746801264	0	6.13666349605719e-05	0.573563253658986	3.0683317480286e-05	0.00101254947684944	0.0583289865300236	0	0.000337516492283146
CS.091	0.000131531353786459	0.00187432179145704	0.120614251422183	0.294663115320114	0	0	0.547499260136135	0	3.28828384466147e-05	0.0344612146920522	0.000723422445825524	0
L.022.M1	0.0104308699209163	0.0103286064903191	0.159258249250068	0.13638532860649	0	0.0016362148895555	0.592752931551677	0.000170439050995364	0.00170439050995364	0.0508590128170166	0.00681756203981456	0.00685164985001364
CS.037	0	0.0112310385064177	0.0378500583430572	0.394909568261377	0	0	0.468859393232205	0	0	0.0870770128354726	3.64644107351225e-05	3.64644107351225e-05
CS.259	0.000120977498185338	0.0461865204183133	0.0383364249805092	0.327311342312552	0.000120977498185338	0	0.382060381213539	1.34419442428153e-05	8.06516654568917e-05	0.204720810818077	0.000914052208511439	0.000134419442428153
CS.066	3.87251674863494e-05	0.0029043875614762	0.0565387445300701	0.444758548580723	0.00906168919180575	0	0.461023118924989	0	0	0.0252488092010998	0.000154900669945398	0.000271076172404446
CS.186	0.00154326526217565	0.00204572371962818	0.129311273014392	0.198183971575207	0	0.00362487887162186	0.559487492373398	0.00556293292179593	0	0.0886839177403725	0.00118436636399526	3.58898898180383e-05
CS.060	3.19172704350324e-05	0.000287255433915292	0.0274169353036928	0.391018480099582	6.38345408700648e-05	0.000159586352175162	0.573298011554052	0	0	0.0046280042130797	6.38345408700648e-05	0.00303214069132808
CS.154	0	0	0.034984961215767	0.37441823650467	0	0	0.529491847395916	0.0281146113661548	0	0.0329903435174925	0	0
CS.042	0	0.000110807416709758	0.173118120706213	0.272623180911576	0	0	0.515476102533796	7.3871611139839e-05	0.000258550638989436	0.0381916229592967	0	0
CS.290	0	8.32616358136049e-05	0.0573395131969693	0.325455857456079	0	0	0.576323166162471	2.7753878604535e-05	0	0.0407565707307596	0	1.38769393022675e-05
CS.301	0.000352340125667978	0.00538786775500617	0.0914616242879793	0.353044805919314	0	0	0.499926595807152	0	0.00215808326971637	0.0469933642609666	0.00032297844852898	0.00032297844852898
CS.388	0	0	0.0468996321597478	0.386291979171643	0	0	0.47176706635456	0.0503869488367649	0	0.0446543734772847	0	0
CS.171	0	0.000290877358833582	0.0679562229574956	0.396574919099735	0	0	0.502781514743846	0.000109079009562593	0.000763553066938152	0.0313056757444642	0.000181798349270989	0
CS.073	0.000235460324935248	0.000117730162467624	0.130445020014128	0.237579467859666	0	0	0.587355780550977	0	0.000824111137273369	0.0434424299505533	0	0
CS.050	3.3208248929034e-05	0.00112908046358715	0.199847242054926	0.205027728887856	0	0.000863414472154883	0.569455052635075	0.000398498987148408	6.64164978580679e-05	0.0229136917610334	3.3208248929034e-05	0.000232457742503238
CS.064	0.00453057545424356	0.0491010009962522	0.149793633474074	0.127377959106219	0	0	0.641135727501305	2.37202903363537e-05	0.00142321742018122	0.0245267802077897	0.00113857393614498	0.000948811613454149
CS.334	0	0.00863140849550357	0.00556631871150565	0.294581152589423	1.44579706792355e-05	0	0.687765665211231	0	0	0.00344099702165804	0	0
CS.305	0.00244525057100631	0.0176407362622598	0.0515114873035067	0.276098347440548	0	0.000429934166330781	0.597111379819965	1.34354426978369e-05	0.0287652828160688	0.0221281741233374	0.000618030364100497	0.00319763536208518
CS.366	0	4.97030244290365e-05	0.0838241506995701	0.455677327965407	0	0	0.440766420636696	4.97030244290365e-05	0	0.0196326946494694	0	0
CS.224	0	0	0.044092929013838	0.425042020676475	0	0	0.518454560106836	2.30250282056596e-05	0	0.0123644401464392	0	0
CS.292	0.000836986847349542	0.000358708648864089	0.0550418493423675	0.277042646472698	0	7.97130330809087e-05	0.652012754085293	3.98565165404544e-05	0	0.0145874850538063	0	0
CS.136	0	3.69344413665743e-05	0.0858725761772853	0.276749769159741	0	0	0.59460757156048	0.000554016620498615	0.0014404432132964	0.0261495844875346	0	0.0144783010156971
CS.126	1.85113196719794e-05	7.40452786879177e-05	0.0482404990651784	0.283797041891116	1.85113196719794e-05	1.85113196719794e-05	0.632050498880065	9.25565983598971e-05	0.000536828270487403	0.0209548138686807	0.000814498065567094	0.0133836841228411
CS.376	0	0	0.0624985005158226	0.349079916508721	0	0	0.573642666922579	4.79834936781747e-05	0	0.0145150068376478	0	0.000215925721551786
CS.375	3.8768705900597e-05	3.8768705900597e-05	0.206714739861983	0.248429867411026	0	0	0.527642087307126	3.8768705900597e-05	0.000155074823602388	0.0168256183608591	0	0.000116306117701791
CS.041	0	0.00010148849797023	0.0192489851150203	0.393741542625169	0	0	0.565933694181326	0.00429634641407307	6.765899864682e-05	0.0164073071718539	3.382949932341e-05	0
CS.302	0	3.63191728913694e-05	0.117093013401775	0.289149041779155	0	0	0.512294040023729	4.84255638551591e-05	0	0.0813428408857036	0	0
CS.236	0	0.00259327864514422	0.163006086266208	0.0383699391373379	0	0	0.782376290023816	0	0	0.0127017729558084	0	5.29240539825351e-05
CS.378	4.52304491383599e-05	4.52304491383599e-05	0.0568999050160568	0.271699307974128	0	0	0.583698946130535	0	0	0.0144285132751368	0	0.0731828667058664
CS.125	0	2.70146149066645e-05	0.128346435421563	0.37774536023989	1.35073074533323e-05	0	0.437272064186725	0.012278142475079	1.35073074533323e-05	0.0442904611394765	0	1.35073074533323e-05
CS.380	1.15015239519236e-05	0.000287538098798091	0.0449019495083098	0.253010523894416	3.45045718557709e-05	0	0.645534533325666	0	0.000805106676634654	0.0351256541491748	0.0107194203231928	0.00955776640404854
CS.205	0	2.12368331634387e-05	0.0971797485558953	0.372940027183146	0	0	0.494372239211689	0	2.12368331634387e-05	0.0312181447502548	4.24736663268773e-05	0.00420489296636086
CS.213	0	8.92976737955976e-05	0.135040407197393	0.326249051212216	0	0	0.528285038174756	0	2.23244184488994e-05	0.00984506853596464	0	0.000468812787426888
CS.128	0	0	0.0514088376108626	0.277097559061298	0	0	0.648222274546739	0	0.000313947099913665	0.0185621222823954	0.000745624362294953	0.00357114826151793
CS.395	0.0652167050727611	0.000883866283657944	0.0643328387891032	0.26092995359702	0	3.15666529877837e-05	0.574860317560529	0	0.00183086587329145	0.0272104548754696	0	0.00470343129517977
CS.129	0.000179443008900373	0.00165087568188343	0.109962675854149	0.093741027849555	3.58886017800747e-05	0	0.780218202698823	7.17772035601493e-05	0	0.013960666092449	3.58886017800747e-05	0.000143554407120299
CS.254	0.0144329543898096	1.71209423366662e-05	0.0325640323243391	0.349883577592111	0.00013696753869333	0	0.574955485549925	8.5604711683331e-05	0	0.0228222161347761	0	0.00510204081632653
CS.385	0.000236905582356995	0.0024552033080634	0.168784458993797	0.299599414197105	0	0	0.479733804272915	0	0.00525499655410062	0.015592694693315	0	0.028342522398346
CS.182	0.0831858966258056	0.00213256666245419	0.147810564893214	0.265085934538102	4.73903702767598e-05	0	0.45821749020599	6.3187160369013e-05	1.57967900922533e-05	0.0246113989637306	1.57967900922533e-05	0.0188139769998736
CS.256	0	3.01909578081365e-05	0.128085138501019	0.262072609253529	0	0	0.607185447958337	1.50954789040682e-05	0	0.00135859310136614	1.50954789040682e-05	0.00122273379122953
CS.386	4.50176694352533e-05	4.50176694352533e-05	0.010128975622932	0.303126477142278	0	0	0.667454475881784	0	2.25088347176267e-05	0.019110000675265	0	6.752650415288e-05
CS.214	4.58989305549181e-05	0	0.145040620553541	0.351035020884013	0.000137696791664754	2.2949465277459e-05	0.491669344104282	0	2.2949465277459e-05	0.0086289989443246	0	0.00339652086106394
CS.348	0.0944557643806728	0.00351947108191676	0.0839543466180305	0.33966458158191	1.42488707769909e-05	1.42488707769909e-05	0.444023311152591	1.42488707769909e-05	0	0.0153317849560422	0	0.0190079936165059
CS.148	0	0	0.00802669021685801	0.306329113924051	0.00396428220979295	0	0.596310470022569	1.96251594544206e-05	3.92503189088411e-05	0.0609361201059759	0	0.0243744480423903
CS.181	2.10757039285112e-05	0.000105378519642556	0.0489799359298601	0.36834007755859	2.10757039285112e-05	0	0.513467374810319	2.10757039285112e-05	0.009399763952116	0.0346063058506154	0	0.0249536334513573
CS.372	0	1.9752306081735e-05	0.0310506251604875	0.309518636300788	3.95046121634701e-05	0	0.624469156774053	0	3.95046121634701e-05	0.012898255871373	0	0.0211349675074565
CS.369	2.79056788056369e-05	0.00652992884051905	0.0198130319520022	0.418027068508441	0	0	0.549379098646575	0	0	0.00613924933724013	0	8.37170364169108e-05
CS.268	3.24359390204346e-05	0.00210833603632825	0.0807654881608823	0.209017191047681	0	0	0.685371391501784	0.000518975024326954	3.24359390204346e-05	0.00895231916963996	3.24359390204346e-05	0.0131689912422965
CS.183	0	0.00122044772996722	0.0285933468163749	0.412720552339773	0	0	0.523641816026222	0.000104609805425762	0	0.0332310481902504	0	0.000488179091986889
T.CS.025	2.17504785105272e-05	0.0113102488254742	0.144488428745432	0.280602923264312	0	0	0.498564468418305	0	0.000174003828084218	0.0637941534713764	0.000870019140421089	0.000174003828084218
T.CS.042	0.00383153011641392	0.027892364832132	0.0462719652373053	0.306566449889165	1.46801920169116e-05	0.0301677945947533	0.506393223623365	0	0.000822090752947048	0.0759699936875174	0.00155610035379263	0.000513806720591905
T.CS.048	0	0.000253408342202625	0.0695859307688409	0.289899143479803	0	0	0.608914905478688	0.00010136333688105	5.06816684405251e-05	0.0305863869038569	0.000608180021286301	0
T.CS.035	4.30533430920911e-05	0.0321177939467	0.0713178628320489	0.358935721358764	0	0.010418909028286	0.481723855857407	0	0.0012270202781246	0.0402118224480131	0.00383174753519611	2.15266715460456e-05
T.CS.072	0.00658852902420418	0.0108190581871142	0.0797789953071179	0.160598284670689	0.000208058811290658	0	0.66904778417366	2.3117645698962e-05	0.0327808216011281	0.0275331160274638	0.012159881637654	0.000208058811290658
T.CS.024	0	4.66417910447761e-05	0.0333255597014925	0.330223880597015	0	2.33208955223881e-05	0.585494402985075	0.0112173507462687	9.32835820895522e-05	0.0393190298507463	0	0.000256529850746269
T.CS.052	0	4.87721608505865e-05	0.0496744458263223	0.325481015436389	0	0	0.576730802058185	2.43860804252932e-05	7.31582412758797e-05	0.0451386348672178	0	0.00282878532933402
T.CS.080	2.35932523298337e-05	2.35932523298337e-05	0.00507254925091424	0.409390114427274	0	0	0.547599386575439	0.00108528960717235	0	0.0367818803822107	0	2.35932523298337e-05
T.CS.012	3.50035878677564e-05	0	0.0467822951852565	0.41134466282794	0	3.50035878677564e-05	0.510614838020897	0	0.000350035878677564	0.0308031573236257	0	1.75017939338782e-05
T.CS.058	1.98223913732953e-05	0.0347486520773866	0.015976847446876	0.372561845861085	0	0	0.556513637805265	0	0.000118934348239772	0.0197629241991754	0.000277513479226134	1.98223913732953e-05
T.CS.014	1.78488558883376e-05	0.000160639702995038	0.105986506264948	0.143147824224467	0	1.78488558883376e-05	0.573448041980509	1.78488558883376e-05	0.00849605540284868	0.166494127726413	0.00221325813015386	0
T.CS.034	1.89760522220957e-05	0.00303616835553531	0.0575543663896163	0.322573911723405	1.89760522220957e-05	0.0435879919541539	0.435671182967096	0.000303616835553531	0.00732475615772895	0.128676610118031	0.00119549128999203	3.79521044441914e-05
T.CS.059	0.000130753138075314	0.00523012552301255	0.0638075313807531	0.258237447698745	0.000326882845188285	6.53765690376569e-05	0.612709205020921	0.00143828451882845	0.00176516736401674	0.0469403765690377	0.000523012552301255	0.00882583682008368
T.CS.038	0.0570821973992135	0.0013510579266086	0.0426307027913822	0.177085092523342	0	0.00159231827064585	0.602041062510555	0.00690004583946537	0.0448502979565249	0.0621486646239958	0.00328114067890661	2.41260344037251e-05
T.CS.007	0	1.20400693507995e-05	0.0991138508957812	0.382609323829705	6.02003467539973e-05	0	0.494473608167983	1.20400693507995e-05	3.61202080523984e-05	0.0236587362743209	0	1.20400693507995e-05
T.CS.116	6.66148551126901e-05	0.0395914288886422	0.302009548129233	0.121771955145998	0	4.44099034084601e-05	0.507094482069501	0	4.44099034084601e-05	0.0280448540024425	0.00128788719884534	4.44099034084601e-05
T.CS.144	0	0.0222791480641148	0.030344726633975	0.300007319036815	0	0	0.482602649491327	0	0.000190294957183635	0.16381468198785	0.000761179828734539	0
T.CS.134	0.00177835394229491	3.32402606036431e-05	0.0299162345432788	0.373437707751629	3.32402606036431e-05	0.0839150378938971	0.392750299162345	0.000265922084829145	0.00865908788724904	0.109161015822364	0	0
T.CS.139	0.00175710830176624	0.0187462918168956	0.0260941992606453	0.308543653872484	4.56391766692529e-05	1.14097941673132e-05	0.539626215143079	2.28195883346264e-05	0.000753046415042673	0.102517000593309	0.00180274747843549	7.98685591711925e-05
T.CS.153	0.0123221517205535	0.00381142127032938	0.0861900946358577	0.135608636334106	0	0.000779608896203738	0.559564285250233	0.000173246421378608	0.00450440695584382	0.192823266994391	0.00402797929705265	0.000194902224050934
T.CS.105	0.0382986491420226	0.0174516246805403	0.108397225264695	0.121029572836802	0	0.000803212851405623	0.599269806498722	0.00387002555677254	0.00671778021175612	0.0659364731653888	0.00306681270536692	0.0351588170865279
T.CS.156	1.75076158128786e-05	0.000105045694877272	0.0902517595153892	0.31315872404496	0	0.0063027416926363	0.449227914142652	0.0002451066213803	0.00558492944430827	0.134791134143352	0.000315137084631815	0
T.CS.108	0.0155074444364526	0.0261813996979069	0.0877940012946846	0.172178666474862	0	0.0470545925339855	0.4275480112206	2.87707688987988e-05	0.00844422067179745	0.157692584334316	0.000561029993526577	7.1926922246997e-05
T.CS.129	0.0467140885444315	0.0167038256007361	0.0450861733375801	0.199313444456241	0	0.0136603319531444	0.421258449233818	0	0.0314258413844357	0.225253919382808	0.000583926106805393	0
T.CS.178	0.0265094202748357	0.00889174456442888	0.16386511078409	0.149688063506539	0	0.0170580554231351	0.505005492569486	0.000559620287271747	0.0224677182000953	0.0996538644889838	0.00180322092565341	0.0040417020747404
T.CS.120	0	0.00653559900765599	0.0564729106090111	0.29111425294102	0	0	0.579400858964441	0.00285432283191506	2.66759143169632e-05	0.0613546029290154	0.00224077680262491	0
T.CS.180	6.09180347841979e-05	0.000517803295665682	0.324510371295422	0.129359446864244	0	0	0.479120343577716	0	0.00584813133928299	0.0165697054613018	0.0307636075660199	0.013249672565563
T.CS.128	0.066231684981685	0.0129120879120879	0.0797847985347985	0.199221611721612	0	0	0.532051282051282	0	0.0127289377289377	0.0942307692307692	0.00242673992673993	0.000412087912087912
T.CS.111	8.13162388528989e-05	0.000189737890656764	0.0677364269644648	0.31613043124712	0	8.13162388528989e-05	0.474588675358469	2.71054129509663e-05	0.000352370368362562	0.139077873851408	0.00173474642886184	0
T.CS.125	2.57168574000257e-05	0.0016973125884017	0.0553169602674553	0.273987398739874	0	0.00054005400540054	0.519429085765719	0.00609489520380609	0.000154301144400154	0.142754275427543	0	0
CS.103	7.82105427811669e-05	3.91052713905835e-05	0.09651180979196	0.268848740810261	0	0	0.607735022681057	0	0.000469263256687001	0.0214296887220397	3.91052713905835e-05	0.0044971062099171
CS.242	0.00321645264260825	0.00141328979750969	0.040035088574283	0.350983211091888	0	0.0242695972124077	0.470674236701674	0.000243670654743049	0.000316771851165964	0.10833597309876	0.000194936523794439	0.000292404785691659
CS.085	0.00156234418109896	0.0011634477944354	0.127912774656783	0.181198683641924	3.3241365555297e-05	0	0.56184556061563	0.000265930924442376	0.000864275504437722	0.124621879466808	0.00033241365555297	0.000199448193331782
L.034.M1	0	0.000740990232401482	0.0486359043448973	0.189221960255978	0	0	0.67005725833614	0	0	0.0857527787133715	0.000538901987201078	0.0050522061300101
CS.015	0	3.60529256949201e-05	0.216389660020911	0.241806972635829	0	0	0.439521217146771	0	0	0.102246097270794	0	0
CS.246	0.0044002446772825	0.00248623690285917	0.117030722784585	0.314351111900393	0	0.000118392233469484	0.522504390378658	0.000710353400816906	0.000315712622585292	0.0374908739320034	0.000138124272381065	0.000453836894966357
CS.238	2.97539349578982e-05	0.0032729328453688	0.0753667172483561	0.301228837513761	5.95078699157964e-05	0	0.551875985599095	0	0	0.068077003183671	8.92618048736945e-05	0
CS.088	0	0.00296426185704743	0.0689295257181029	0.340890113560454	0	0	0.540455911823647	0	0	0.0467601870407482	0	0
L.024.M1	0.000158921152405385	4.54060435443958e-05	0.0869525733875179	0.335936613163212	6.81090653165936e-05	0	0.470974186664245	0.000522169500760551	4.54060435443958e-05	0.105183099870593	0	0
CS.356	1.30485274736746e-05	1.30485274736746e-05	0.0481360178503856	0.209337526260162	0	0	0.393582734188447	0.256220885473074	0	0.0926967391729843	0	0
CS.241	0.0283637074951912	0.00759625729468914	0.0748541062171943	0.327812734326606	0	0.000880252991230072	0.541844619046067	0	0	0.0185179147784697	0	0
CS.087	0	8.85948851219656e-05	0.119012462347174	0.283178784478176	0.000118126513495954	0	0.384206485145591	0.00020672139861792	0	0.213159293603449	2.95316283739885e-05	0
CS.082	0.00210442194992009	0.00436867341502397	0.155380927011188	0.255087906233351	7.9914757591902e-05	0	0.516595631326585	0.0232818327117741	0.000905700586041556	0.0409429941395844	0.000905700586041556	0.000239744272775706
CS.237	0	3.58590024025532e-05	0.140925879442034	0.165704450102198	0	0	0.634560906515581	0.00103991106967404	0	0.0497722953347438	0	0.0079606985333668
CS.110	0	0.000268393330425739	0.0282819471936122	0.189183748783843	0	0	0.773677324118496	6.70983326064347e-05	0	0.00848793907471399	3.35491663032174e-05	0
CS.308.0	0	0	0.0710968446933479	0.355791558530255	0	0	0.415926785958202	0.141818057642399	0	0.0151960114738424	0	6.8296680781314e-05
CS.207	3.02407161001573e-05	6.04814322003145e-05	0.113856296117092	0.157463408733519	0.000302407161001573	3.02407161001573e-05	0.566801741865247	0.13644611104391	3.02407161001573e-05	0.0246764243377283	3.02407161001573e-05	0.000272166444901415
CS.164	0	8.61141011840689e-05	0.0118837459634015	0.138471474703983	0	0	0.720301399354144	0.000645855758880517	0	0.128568353067815	4.30570505920344e-05	0
CS.188	0	0.000783494384956908	0.0779576913032123	0.387202925045704	2.61164794985636e-05	0	0.401919561243144	0	0	0.0600026116479499	0	0.0721075998955341
CS.358	0	1.73928167666754e-05	0.0392208018088529	0.453378554656927	0	0	0.475519610400904	0.00631359248630316	0	0.0255326550134794	0	1.73928167666754e-05
CS.165	0	0	0.100512611405604	0.258315372517039	0	0	0.562649268946234	0.0235335236209006	0	0.0549892235102231	0	0
CS.364	0	0.000341714838966882	0.0872511888828772	0.428083264515762	0	0	0.373722128883447	0	0	0.110544750405786	0	5.6952473161147e-05
CS.311	0	0	0.0985119758096602	0.364008912230445	3.97867430572133e-05	0	0.506763746319726	0.00011936022917164	0	0.0304368584387682	0	0.00011936022917164
CS.113	0	0.000242998602758034	0.0693761010874187	0.382388676265111	0	0	0.511785432233765	0	0.000273373428102788	0.0359030435574995	0	3.03748253447543e-05
CS.304	0.000297477391718229	0	0.0642551166111376	0.263624464540695	0	0.000297477391718229	0.616789623988577	0	0	0.0535459305092813	0	0.00118990956687292
CS.234	1.50518536357752e-05	0	0.0525309691888556	0.291750079022232	7.52592681788762e-05	1.50518536357752e-05	0.397444195252645	0.195643993557807	0.000165570389993528	0.0623146740521095	0	4.51555609073257e-05
CS.387	0	0	0.0643270674004717	0.376027446215424	2.38248397779525e-05	0	0.480118171205299	2.38248397779525e-05	0	0.0791937674219141	0	0.000238248397779525
CS.150	0.000897409749133184	0.000326330817866612	0.0120334489088313	0.274199469712421	0	0	0.658943503977157	0.000815827044666531	0.000367122170099939	0.0508260248827249	0.000367122170099939	0.0012237405669998
CS.044	0	0.000126745925118507	0.0568328728231387	0.319044842708307	0	0	0.576161626403711	0	2.53491850237015e-05	0.0477325153996299	5.0698370047403e-05	2.53491850237015e-05
CS.233	0.00260750962772786	0.00100288831835687	0.193637676508344	0.146421694480103	8.02310654685494e-05	0	0.612965340179718	0.000280808729139923	0.000120346598202824	0.0425625802310655	0.000120346598202824	0.000200577663671374
CS.227	0	0	0.0924514474166361	0.229644558446317	0	0	0.629864419201173	0.000183217295712715	0	0.0478563576401612	0	0
CS.285	0	6.0244593047774e-05	0.149045123200193	0.314808120971143	0	0	0.51759142116995	0.000150611482619435	0	0.0172600759081872	0	0.00108440267485993
CS.112	0	0	0.0215650480710722	0.420664476086163	0	0	0.521114762078618	0.00138736765242789	0.000146038700255568	0.0329317269076305	0	0.00219058050383352
CS.318	0	0	0.0580529082679711	0.253225942481235	0	0	0.640760732057013	1.4056394253746e-05	0	0.0465126085856456	0	0.00143375221388209
CS.339	1.74234240512946e-05	0.00151583789246263	0.0641878942049692	0.312280029271352	0	0	0.597623444959403	0	0	0.0243230999756072	0	1.74234240512946e-05
CS.152	0.0375475909150584	0.00175922279112511	0.0824209006170408	0.233714060653801	0	2.62570565839569e-05	0.584613364841801	0.00299330445057109	0.00110279637652619	0.0534068530917684	0.000131285282919785	0.00215307863988447
CS.202	4.79248538291958e-05	4.79248538291958e-05	0.0879421067765743	0.30034505894757	0	9.58497076583916e-05	0.574523147704399	4.79248538291958e-05	0	0.0360394900795553	0	0.000910572222754721
CS.343	0	0	0.142825393505203	0.318516969094807	0	1.30732625634053e-05	0.524525440568948	0.000156879150760864	0	0.0139491711551535	1.30732625634053e-05	0
CS.331	0.00047849583427156	0.00016888088268408	0.128490204908804	0.229678000450349	0	0.00019702769646476	0.619736545823013	2.814681378068e-05	0.00033776176536816	0.0206879081287998	8.44404413420401e-05	0.00011258725512272
CS.163	0	9.54228824072012e-05	0.296765164286396	0.14558351092592	0	0	0.538375902541429	0.000667960176850409	6.36152549381342e-05	0.0172397340882344	0.000127230509876268	0.00108145933394828
CS.361	0	0	0.150124069478908	0.289214817440624	0	0	0.5100584898972	0.000753278979085431	4.43105281814959e-05	0.0467476072314782	0	0.00305742644452322
CS.080	6.12876536021818e-05	0.000490301228817455	0.133913523120767	0.253761529739834	0	0	0.572028314895964	0.0167928170869978	3.06438268010909e-05	0.022921582447216	0	0
CS.158	0	0	0.0542406311637081	0.183537616229924	0	0	0.739468864468865	0.000316990701606086	0.000105663567202029	0.0217666948436179	0	0.000563539025077487
CS.320	0	0.000129246278784223	0.107166706158585	0.182215712039291	0	0	0.684337505115999	2.15410464640372e-05	0	0.0257630915709885	4.30820929280744e-05	0
CS.322	0	1.89674139827776e-05	0.0928834262736618	0.293862144835173	0	0	0.593300709381283	9.48370699138879e-05	0	0.0197071431281059	0	0.000132771897879443
CS.253	1.47564448773002e-05	1.47564448773002e-05	0.0397095931648147	0.317647232428763	2.95128897546003e-05	0	0.474626293033482	0	2.95128897546003e-05	0.020895125946257	0	0.147033216757419
CS.390	2.74213008665131e-05	2.74213008665131e-05	0.0606147855654272	0.366046945267083	0	0	0.546547658220906	1.37106504332566e-05	0	0.000287923659098388	0	0.0264341340353186
CS.370	0	0.000700552658208142	0.0187203238110065	0.325173192184946	0.000194597960613373	0	0.633260683428038	0	0	0.0217949715886978	0	0.000155678368490698
CS.393	0	0	0.0596912521440823	0.327272727272727	0	0	0.532590051457976	5.71755288736421e-05	0.000800457404230989	0.0715837621497999	0.0017724413950829	0.00623213264722699
CS.255	0.000385573614900937	2.96595088385336e-05	0.0855676829991695	0.202426147822992	0	2.96595088385336e-05	0.671016727962985	0.000207616561869735	0.000237276070708269	0.0400699964408589	0	2.96595088385336e-05
CS.326	0.000210837022981235	0.000695762175838077	0.157959097617542	0.254901960784314	2.10837022981236e-05	0.00191861690912924	0.463061353573688	2.10837022981236e-05	0	0.119186169091292	0	0.00202403542061986
CS.270	3.79528246389738e-05	9.48820615974344e-05	0.026699812133518	0.358445452302788	0	1.89764123194869e-05	0.572347571968044	1.89764123194869e-05	1.89764123194869e-05	0.0423173994724557	0	0
CS.262	0.000158252888115208	0	0.0146120166693042	0.26211953368149	0.000158252888115208	0	0.700902041462257	0	0	0.0219444004853089	0	0.000105501925410139
CS.145	0.000664061017720943	9.48658596744204e-05	0.0826850832922248	0.313474746708155	1.89731719348841e-05	0	0.578131522027853	1.89731719348841e-05	0.000493302470306986	0.0183091109171631	0	0.00610936136303267
T.CS.055	0	0.0130641782517616	0.100399923824034	0.169034469624833	0	0.0314606741573034	0.555513235574176	3.80879832412874e-05	0.000609407731860598	0.129727670919825	0.00015235193296515	0
TFS.021	6.70555890833501e-05	0.000603500301750151	0.0335948501307584	0.182994702608462	0	0	0.742506537919936	6.70555890833501e-05	0	0.0357406289814256	0	0.00442566887950111
T.CS.061	0	0.00101875808538163	0.0435963777490298	0.386012289780078	1.61707632600259e-05	0	0.517173350582148	0	1.61707632600259e-05	0.0519243208279431	0.000210219922380336	3.23415265200517e-05
T.CS.045	9.54745083062822e-05	0.0230284514034753	0.0340653045636815	0.422761122780218	0	0	0.474240977658965	0.000133664311628795	0.00026732862325759	0.0421042581630705	0.00322703838075234	0
T.CS.036	0.00681734430659624	0.000583466404618597	0.0878577570323056	0.155386316177374	0	0	0.679615526348115	0.000184252548826925	0.012007124431888	0.054876550792286	0.0026409531998526	0
TFS.027	0	0.000118013993087752	0.0105959706650931	0.410140773834612	0	0	0.470513360869932	0	0	0.108193542948664	0.000337182837393577	0.000101154851218073
T.CS.008	0	4.41559588466464e-05	0.021224297552288	0.429549167660176	0	0	0.501700004415596	1.47186529488821e-05	0	0.0474529371071959	1.47186529488821e-05	0
TFS.020	0.00119539601762355	0.00741999385224905	0.134464974896684	0.363861470678643	0	0.00363741931076881	0.35767102701595	0.00516581850473035	0.000947778271115817	0.119573755934287	1.70770859660508e-05	0.00476450698452816
T.CS.026	2.07129393732265e-05	0.000124277636239359	0.00669027941755215	0.423206777273763	0	0	0.484019967273556	0.0146440481368711	4.14258787464529e-05	0.0706725491414487	0	0.000559249363077114
T.CS.066	0.00375348719249303	0.00388029419223941	0.106568602586863	0.297717474004565	0.00147096119705808	0	0.489145320821709	0.000405782399188435	0.000253613999492772	0.0964747654070505	0.000329698199340604	0
T.CS.031	0.000972721505603722	0.00160710509621484	0.0315077183336858	0.385705223091563	0	0.00203002748995559	0.525734827659125	0.00401776274053711	0.000465214633114823	0.0479171072108268	0	4.22922393740749e-05
TFS.025	0	0	0.0871288468041934	0.299113966858302	0	0	0.55197835644234	0.000886033141697667	6.76361176868448e-06	0.0607981061887048	3.38180588434224e-05	5.41088941494758e-05
TFS.022	0.0127036623979284	0.00561473676114295	0.0547757310053968	0.343511646092118	0	0	0.46856131984771	0.0233306413362561	0.00111525593200785	0.0891051032573165	0.00033329487623223	0.000615313617659501
T.CS.043	0	0.0298893591369761	0.0415562560438042	0.276514247679807	0	0.032727592399563	0.49671593806121	0.00970776244238763	0.000150702651110804	0.112725583030881	0	0
T.CS.049	0	0.0011072077859945	0.0255477944694288	0.191587954672827	0	1.36692319258581e-05	0.617958636904192	0.0502891042552319	2.73384638517162e-05	0.113440955752696	0	0
T.CS.166	0.0226500566251416	0.000992687666904352	0.134669966304545	0.193070760454679	0	0.00457195587433413	0.473749702892776	0.00183157865302071	0.00373306488821778	0.163471890161207	0	0.0011744473805629
T.CS.151	0	0.0259181455994205	0.0409416877942774	0.333618254255704	2.89750090546903e-05	1.44875045273452e-05	0.537805143064107	2.89750090546903e-05	7.24375226367258e-05	0.0608764940239044	0.000695400217312568	0
T.CS.158	0.0153415728955297	0.00216749677181332	0.062565332349505	0.270952468794195	0	0.0409825985365554	0.448548853225112	0.00192153969132386	0.010898973129189	0.143946381356453	0.00262866629773105	0
T.CS.141	0	0	0.031035795887281	0.365841584158416	0	0	0.537585681645088	5.71210967250571e-05	7.61614623000762e-05	0.0653846153846154	0	0
T.CS.109	0.00235523897058824	0.0227768841911765	0.085693359375	0.281436695772059	0	0.004638671875	0.476864085477941	0	1.43612132352941e-05	0.119729434742647	0.00168026194852941	7.18060661764706e-05
T.CS.152	0.00272697833756583	5.11308438293593e-05	0.0903311574318681	0.291190155608201	0	0	0.385833347536346	0.0181003187155932	0.010294343224311	0.177645595077804	0	0.0234349700884564
T.CS.095	0.00533470023161332	0.0123590386148764	0.03466605915632	0.349470326916505	0	0	0.475908417815241	3.7969396666287e-05	0.00112009720165547	0.120704712002126	0.000398678664996013	0
T.CS.142	0	0.0422435308025745	0.026310258767897	0.355392092473401	1.31354262445816e-05	0	0.49592801786418	0.00411138841455405	0	0.0759884408249048	1.31354262445816e-05	0
T.CS.157	0.000184764820778124	0.000290344718365623	0.0945731932640025	0.306181703003748	0	0.000105579897587499	0.474528849707016	0.00746977775431558	5.27899487937497e-05	0.116612996885393	0	0
