PD_whole_tree	chao1	observed_otus	shannon	simpson
CS.245	54.19798	903.20754717	380	6.39147229151	0.969663898282
CS.036	63.08862	541.03125	279	6.55065721303	0.978710923083
CS.257	71.43757	1174.38181818	454	6.94926444886	0.978245376269
CS.243	59.8319	635.375	338	6.42809629799	0.96690327971
CS.092	84.14307	598.659574468	348	6.99543580558	0.983021041714
CS.094	49.85586	923.689655172	298	5.56849439107	0.931827876586
CS.354	60.82721	1116.7755102	419	6.82118206902	0.974552793074
L.025.M1	53.42792	817.042553191	359	6.66584254524	0.979004012892
CS.016	51.76786	496.214285714	258	6.21159425564	0.964744954163
CS.244	63.61954	489.161290323	274	6.76268413751	0.983052833031
CS.028	77.99057	596.826086957	334	6.79842140871	0.980433315645
CS.039	63.3587	645.636363636	323	6.48697468786	0.972185428733
CS.022	45.82996	489.444444444	225	5.91088745483	0.967185482082
CS.261	84.7791	1096.51923077	454	7.38640745197	0.987430453773
CS.105	69.69049	700.127659574	338	6.35411311319	0.961236586405
CS.186	84.44578	925.430769231	435	7.02103401701	0.98178422885
CS.335	33.76463	576.27027027	262	5.69736265406	0.956336804176
CS.360	60.72465	880.1	414	7.09051462288	0.984522201553
CS.334	46.2462	583	303	6.41928034707	0.974082891285
CS.072	85.78439	1171.27083333	437	7.02835033787	0.981414491484
CS.368	79.21084	1118.78846154	441	7.18501345283	0.984324485694
CS.388	41.60466	649.9	295	6.18997178471	0.971357983507
CS.305	77.52314	1076.62295082	459	7.06400878246	0.977686197495
CS.058	66.93286	614.772727273	311	6.53618051833	0.977769377515
CS.382	61.95589	1238	422	7.23800514428	0.987131702497
CS.066	52.22094	475.090909091	244	6.01373183012	0.967176336634
CS.154	30.01407	460	156	4.85330479262	0.935241741389
CS.060	55.22339	626.913043478	251	6.1521974145	0.973900853336
CS.127	62.95792	1080.48214286	432	6.97132601311	0.982353424066
CS.063	54.01978	440.222222222	238	6.04233026265	0.961222650486
CS.232	87.36415	833.12244898	398	7.12496767232	0.984138528267
CS.224	34.16981	560.84375	248	5.35862250666	0.923013407443
CS.136	64.14091	552.825	299	6.56178134304	0.977852993033
CS.302	37.88055	655.59375	268	5.84781774126	0.959819042084
CS.205	50.88079	888	402	6.5871287965	0.971146767226
CS.292	64.59762	598.068181818	298	6.23962856774	0.966922441599
CS.041	50.89165	534.833333333	251	5.60514453667	0.932337408646
CS.375	53.81888	1000.02040816	380	6.38446698704	0.97116331613
CS.374	55.49643	923.660377358	378	6.69097223461	0.980555254941
CS.128	70.82491	1293.68421053	475	7.10430674274	0.979665969072
CS.203	59.31398	919.344262295	405	6.38679076113	0.962855330565
CS.125	51.33107	765.220338983	368	6.42363013852	0.964026818806
CS.213	43.6912	709.818181818	323	6.32848837632	0.970762222945
CS.236	46.20137	433.166666667	210	5.55428021609	0.95268254476
CS.378	47.24715	569.085714286	279	6.46954394962	0.979322797052
CS.256	57.61418	716.631578947	364	6.57085381868	0.974419530843
CS.386	41.30146	534.125	279	5.56718084205	0.937366533629
CS.183	49.17559	583.914893617	303	5.98932294483	0.956720477462
CS.369	48.5155	451	271	5.76314234833	0.957610198829
CS.359	38.89341	629.75	313	6.1070300499	0.968807274724
CS.323	72.60433	997.172413793	430	7.1232104629	0.985316984467
CS.349	74.49299	795.6	429	7.02620693026	0.980594885213
CS.148	47.5661	486.766666667	303	6.14357379957	0.970204786161
CS.254	62.16516	754.75	389	6.85870674223	0.977434915445
CS.348	64.66566	918.294117647	333	6.50149004386	0.97650164433
CS.181	64.41238	881.038461538	379	6.60629832305	0.973310318743
CS.389	53.36524	717.781818182	345	6.38418449585	0.97160360409
CS.166	66.26063	928.5	376	6.78491363107	0.979089805897
CS.372	57.11989	722.566037736	362	6.75957425621	0.979794440831
CS.385	65.50113	890.038461538	388	6.87889430286	0.982373892448
T.CS.048	60.09315	1007	378	7.03084269579	0.985694125291
T.CS.035	76.21983	1083.65454545	438	7.05710720871	0.981128805132
T.CS.071	75.36113	1266.04761905	491	6.97095459806	0.97511153635
T.CS.067	58.81348	1082.875	415	6.37526497002	0.963068724334
T.CS.082	68.62443	973.185185185	406	6.64423600989	0.971670235206
T.CS.003	71.68788	1045.52941176	467	7.03553985188	0.977866928952
T.CS.038	89.12644	689.542372881	382	7.04704559662	0.983397311543
T.CS.040	82.47706	1217.30434783	496	7.10084344328	0.98060577265
T.CS.024	65.71117	1028.5	406	6.75847969423	0.976613567184
T.CS.001	51.28516	791.918367347	361	6.26814834108	0.959664440476
T.CS.041	72.69004	1195.2	449	6.88680315381	0.974470048551
T.CS.079	53.03933	636.966666667	344	6.60273114939	0.978379509495
T.CS.085	67.32207	1189.93617021	423	6.75640819582	0.974365964652
T.CS.059	69.90013	526.411764706	316	6.58201432311	0.977206714762
T.CS.046	61.19318	896.6875	381	6.59680931078	0.973229751708
T.CS.091	85.16412	1180.25	494	7.30643276004	0.984324921191
T.CS.121	77.30013	1093.88888889	451	7.26419737759	0.986044700769
T.CS.124	83.22163	896.25	408	7.08558195097	0.979719099766
T.CS.116	65.95387	635.9375	296	6.41060627964	0.969754917257
T.CS.120	73.60569	1351.02040816	460	7.04286832258	0.981471106157
T.CS.107	72.61591	1235.55223881	488	6.97809999867	0.978147824832
T.CS.129	84.34811	848	410	6.95106771073	0.977169261978
T.CS.130	78.76038	1044.78846154	422	7.04628516855	0.983254903865
T.CS.105	90.85852	720.303571429	386	7.05814609918	0.983396876046
T.CS.112	63.0913	1166.23404255	405	6.46998238807	0.970981713678
T.CS.156	69.50112	1160	445	6.79265970547	0.973552455346
T.CS.180	72.78055	767.058823529	369	6.82958906007	0.981354828328
T.CS.115	92.23456	870.467741935	427	7.149093667	0.984338421613
T.CS.126	79.04796	1036.37333333	466	6.9746163331	0.980267391102
T.CS.106	83.0265	801.554054054	430	6.87441342946	0.974452193154
L.024.M1	56.79889	802.368421053	372	6.56552259482	0.975507403566
CS.356	35.34788	606.034482759	251	5.96774327889	0.970047136071
CS.006	60.00565	727.487179487	319	6.23407554922	0.959827752034
CS.103	70.81369	545.630434783	328	6.92782641686	0.982591205694
CS.015	55.59772	709.317073171	312	5.93450621484	0.95455779694
CS.088	40.29899	544.913043478	224	5.70294605883	0.957408127994
CS.110	51.46509	583.4	248	5.88367919275	0.961447802687
CS.241	75.66734	726.2	368	6.85324627946	0.981113127223
CS.082	89.14972	719	410	7.08168303188	0.980971155042
CS.242	73.69293	1106.54237288	435	6.62854487692	0.96826377386
CS.238	66.18718	604	310	6.78334257858	0.982936990699
CS.085	80.66386	677.960784314	376	7.1406687311	0.98487277703
L.034.M1	70.75508	1058.01587302	460	7.21846032357	0.984031395885
CS.246	72.58829	1082.61111111	425	6.81818603639	0.977180149415
CS.237	57.98729	597.757575758	277	5.98425714399	0.957877158788
CS.078	56.3662	589.727272727	297	6.3682733954	0.975743443204
CS.325	33.53254	593.5625	249	5.50557691382	0.947953477545
CS.191	74.677	1144.9	440	7.05419639048	0.979959494379
CS.330	57.16872	860.245283019	389	6.71392196499	0.973972710421
CS.364	43.52221	580.181818182	319	6.22348126099	0.969224481317
CS.387	64.93147	915.957746479	427	6.94966765719	0.982711838498
CS.358	36.71331	589.146341463	275	5.4880058848	0.937236755378
CS.234	37.48329	452.083333333	258	5.59677968789	0.941445838593
CS.187	60.15305	960.222222222	375	6.40752613733	0.965895974022
CS.188	59.07432	1038.67164179	464	6.99794933946	0.97794009253
CS.338	59.59067	761.9	341	6.63836859261	0.977309056671
CS.304	50.77043	666.95	295	6.06768128883	0.9621907614
CS.346	39.3207	472.666666667	209	5.35391085463	0.943672537245
CS.311	57.14124	699.871794872	305	6.28005565622	0.971325756693
CS.228	56.21136	460.108108108	254	6.01750865849	0.96295157551
CS.331	69.81227	900.166666667	402	6.84844477802	0.980614047102
CS.318	51.06444	945.837209302	365	6.64404594304	0.975062760632
CS.194	40.20467	712.2	330	6.10918845056	0.964248487027
CS.223	61.99983	848	386	6.74119286332	0.98001654455
CS.152	87.54165	1207.08196721	501	7.57518731551	0.989029600546
CS.080	46.68489	562.387096774	253	6.1549317024	0.971206865879
CS.319	53.9492	753.385964912	361	6.3871986511	0.967597462705
CS.361	48.34804	846.65	329	6.0839114268	0.959404448476
CS.339	42.78467	1062.26086957	298	5.93989961751	0.955460147734
CS.320	58.78536	1218.48648649	384	6.76643098394	0.981705839303
CS.158	52.29032	487.75	237	6.1880105362	0.974004937235
CS.227	37.19008	544.565217391	213	5.53732353545	0.953009167875
CS.322	49.82949	778.019230769	356	6.5752519076	0.977547273797
CS.112	52.42753	423.823529412	241	5.87623492148	0.956752704276
CS.202	50.96405	914.645833333	366	6.07334563574	0.954360952076
CS.390	56.30072	733.5	376	6.48283351825	0.970498311467
CS.270	55.99204	780.738095238	335	6.42339109332	0.97373710628
CS.326	56.58978	797.32	350	6.40306491496	0.973306834763
CS.145	76.54653	1125.64179104	474	7.01539840853	0.978578531847
CS.255	63.33195	817.3	386	6.79222140496	0.980752535303
CS.262	54.74726	845.833333333	404	6.64796585148	0.975349753476
CS.253	35.3477	452	193	5.19197465655	0.944494756501
CS.370	66.09111	965	421	6.862358157	0.978998786922
CS.393	55.79994	678.096774194	278	6.02509040176	0.963987188535
TFS.025	55.15351	777.637931034	381	6.71581603945	0.976676278822
T.CS.045	65.05925	893.169491525	403	6.35761728919	0.947492721204
T.CS.008	57.31252	887.5	436	6.58064120084	0.956473114889
T.CS.049	50.15581	862.62	372	6.56196279248	0.974686055305
TFS.022	85.35109	923.585365854	484	7.53049887882	0.988977776345
T.CS.064	78.30626	1207.17808219	508	7.17147354262	0.977475852209
T.CS.031	69.59732	1055.25	450	7.10036882505	0.982170950619
TFS.027	63.11404	821.0625	432	6.63983654244	0.971030053899
T.CS.026	47.56452	644.87755102	327	6.29978642405	0.972353966261
T.CS.036	73.66872	728.75	384	6.98749520503	0.980229067323
T.CS.066	82.80711	1037.33333333	448	7.01610680501	0.979691227927
TFS.021	74.06193	1249.06521739	589	7.7528956303	0.9875297472
TFS.020	74.43619	920	430	7.13757444011	0.984555299362
T.CS.043	62.43045	1125.4	417	6.89697890561	0.97904407866
T.CS.055	68.59212	1196.28571429	433	6.76564831284	0.975867559988
T.CS.166	78.041	1034.08333333	472	7.11500391965	0.980617531082
T.CS.109	84.20443	1256.125	487	7.446466494	0.9877030752
T.CS.095	81.92477	1068.01408451	494	7.4123257758	0.984782193553
T.CS.141	57.93121	978.701754386	415	6.85157191148	0.979743487625
T.CS.142	61.04052	1043.50847458	428	6.72773244955	0.977238506078
T.CS.157	60.1959	897.659574468	371	6.57682651712	0.974680829335
T.CS.152	71.33776	1121.63793103	453	6.84242072759	0.972753317457
T.CS.151	68.85297	1059.6557377	451	6.86014303146	0.976006919184
T.CS.158	79.81069	1075.36842105	497	7.07137945874	0.977147922601
