PD_whole_tree	chao1	observed_otus	shannon	simpson
CS.104	66.29261	659.7	309	6.42033473396	0.970498311467
CS.059	74.0919	587	347	6.95487231785	0.983263613815
CS.143	67.21222	576.972972973	314	6.6797843935	0.974841527908
CS.036	63.08862	541.03125	279	6.55065721303	0.978710923083
CS.259	67.26999	1096.18181818	431	6.84496970515	0.975942465556
CS.021	55.93926	1502.25	291	6.45316861598	0.975866253496
L.008.M1	48.26063	775.4	342	6.22021006954	0.960181811491
CS.296	75.7059	1219.23809524	493	7.25488836903	0.983416473433
CS.101	74.43904	775	340	6.82961558164	0.979415993515
CS.017	60.60506	613.25	302	5.71078691957	0.929080322939
CS.022	45.82996	489.444444444	225	5.91088745483	0.967185482082
CS.314	66.81832	885	375	6.88235303534	0.979356330359
L.036.M1	71.89136	945.529411765	411	6.99718833886	0.97921914865
CS.093	77.93923	608.101694915	353	6.83245033616	0.97778766841
CS.099	67.16284	808.386363636	347	6.18040036375	0.9539755368
CS.058	66.93286	614.772727273	311	6.53618051833	0.977769377515
CS.388	41.60466	649.9	295	6.18997178471	0.971357983507
CS.334	46.2462	583	303	6.41928034707	0.974082891285
CS.335	33.76463	576.27027027	262	5.69736265406	0.956336804176
CS.229	58.99669	688.53125	296	6.37016343859	0.972945371848
CS.290	49.11392	675	334	6.25015827634	0.95688030504
CS.381	75.59578	1054.17021277	413	7.21553544724	0.987855499321
CS.077	61.69042	787.818181818	331	6.10392871738	0.957011389784
CS.062	63.05917	793.777777778	321	6.3955299512	0.970645074121
CS.327	56.35991	1193.625	403	6.35263509688	0.967896213981
CS.230	42.67571	561.027027027	271	5.86024907839	0.947471381827
CS.186	84.44578	925.430769231	435	7.02103401701	0.98178422885
CS.367	35.51786	519.029411765	241	5.76612704329	0.963685824274
CS.382	61.95589	1238	422	7.23800514428	0.987131702497
CS.155	67.7537	843.1	408	7.22611250408	0.987524956728
CS.205	50.88079	888	402	6.5871287965	0.971146767226
CS.292	64.59762	598.068181818	298	6.23962856774	0.966922441599
CS.375	53.81888	1000.02040816	380	6.38446698704	0.97116331613
CS.126	72.30157	1211.87301587	476	7.0231210093	0.978482286902
CS.236	46.20137	433.166666667	210	5.55428021609	0.95268254476
CS.282	51.91179	1016.15789474	353	6.38992314933	0.972062182944
CS.224	34.16981	560.84375	248	5.35862250666	0.923013407443
CS.125	51.33107	765.220338983	368	6.42363013852	0.964026818806
CS.128	70.82491	1293.68421053	475	7.10430674274	0.979665969072
CS.302	37.88055	655.59375	268	5.84781774126	0.959819042084
CS.380	73.08874	1110.59649123	464	7.29262079238	0.984911100809
CS.136	64.14091	552.825	299	6.56178134304	0.977852993033
CS.232	87.36415	833.12244898	398	7.12496767232	0.984138528267
CS.378	47.24715	569.085714286	279	6.46954394962	0.979322797052
CS.213	43.6912	709.818181818	323	6.32848837632	0.970762222945
CS.254	62.16516	754.75	389	6.85870674223	0.977434915445
CS.395	68.90364	852.01754386	402	7.00537435368	0.984435537553
CS.386	41.30146	534.125	279	5.56718084205	0.937366533629
CS.369	48.5155	451	271	5.76314234833	0.957610198829
CS.177	47.46495	668.033898305	354	6.15596419519	0.956793205542
CS.214	57.23535	744.666666667	346	6.29829327614	0.97100392405
CS.148	47.5661	486.766666667	303	6.14357379957	0.970204786161
CS.389	53.36524	717.781818182	345	6.38418449585	0.97160360409
CS.359	38.89341	629.75	313	6.1070300499	0.968807274724
CS.256	57.61418	716.631578947	364	6.57085381868	0.974419530843
CS.178	67.57516	702.666666667	358	6.77081022645	0.977249829013
CS.181	64.41238	881.038461538	379	6.60629832305	0.973310318743
CS.182	78.28983	838.180722892	448	7.10242456785	0.983314567021
CS.323	72.60433	997.172413793	430	7.1232104629	0.985316984467
CS.349	74.49299	795.6	429	7.02620693026	0.980594885213
T.CS.029	80.9126	789.4	412	6.94437874091	0.976970239626
T.CS.056	54.67527	866.294117647	327	6.30850200919	0.966642852212
T.CS.085	67.32207	1189.93617021	423	6.75640819582	0.974365964652
T.CS.072	85.50214	843.153846154	438	7.24228384431	0.983714353714
T.CS.038	89.12644	689.542372881	382	7.04704559662	0.983397311543
T.CS.052	61.68187	710.631578947	358	6.74864951566	0.98111878869
T.CS.076	76.56586	892.720588235	435	7.24970832703	0.987209656547
T.CS.035	76.21983	1083.65454545	438	7.05710720871	0.981128805132
TFS.024	57.08813	893.622222222	368	6.64555195495	0.97649990234
T.CS.050	64.39068	879.222222222	383	6.47567975545	0.968356099327
T.CS.019	51.89856	844	329	6.03312979281	0.962033982304
T.CS.080	61.42408	798.571428571	395	6.7836253576	0.977380042761
T.CS.016	64.4371	1012.55813953	384	6.9380758968	0.984133737794
T.CS.067	58.81348	1082.875	415	6.37526497002	0.963068724334
T.CS.040	82.47706	1217.30434783	496	7.10084344328	0.98060577265
T.CS.139	82.92212	1050.20547945	488	7.27250025817	0.98383977699
T.CS.126	79.04796	1036.37333333	466	6.9746163331	0.980267391102
T.CS.111	64.07223	1353.78181818	466	6.74258506348	0.974117731084
T.CS.125	69.24193	1161.109375	465	6.79783827372	0.974414304873
T.CS.118	71.5671	1012.68181818	446	7.07536981456	0.9835954629
T.CS.160	103.14494	1108.52173913	497	7.50177328134	0.988042327743
T.CS.128	86.10473	1189.06976744	430	7.01123743532	0.977528982902
T.CS.119	93.59639	864.126760563	450	7.2913131846	0.985620961713
T.CS.114	84.63574	712.080645161	407	6.91773303372	0.968194965257
T.CS.092	87.55825	790.051724138	426	7.29315841023	0.976431529234
T.CS.129	84.34811	848	410	6.95106771073	0.977169261978
T.CS.144	74.32503	977.3	446	7.07943433156	0.978432640188
T.CS.100	87.11607	828.518518519	426	7.47301869175	0.988512665029
T.CS.167	67.45713	1092.47761194	454	6.64247245951	0.969674350221
T.CS.115	92.23456	870.467741935	427	7.149093667	0.984338421613
L.034.M1	70.75508	1058.01587302	460	7.21846032357	0.984031395885
CS.015	55.59772	709.317073171	312	5.93450621484	0.95455779694
CS.085	80.66386	677.960784314	376	7.1406687311	0.98487277703
CS.082	89.14972	719	410	7.08168303188	0.980971155042
CS.110	51.46509	583.4	248	5.88367919275	0.961447802687
CS.241	75.66734	726.2	368	6.85324627946	0.981113127223
CS.087	50.38845	781.75	295	5.78199966618	0.947000173546
CS.237	57.98729	597.757575758	277	5.98425714399	0.957877158788
CS.246	72.58829	1082.61111111	425	6.81818603639	0.977180149415
CS.242	73.69293	1106.54237288	435	6.62854487692	0.96826377386
CS.006	60.00565	727.487179487	319	6.23407554922	0.959827752034
CS.238	66.18718	604	310	6.78334257858	0.982936990699
L.024.M1	56.79889	802.368421053	372	6.56552259482	0.975507403566
CS.088	40.29899	544.913043478	224	5.70294605883	0.957408127994
CS.356	35.34788	606.034482759	251	5.96774327889	0.970047136071
CS.150	66.94112	824.529411765	365	6.447622457	0.972313900492
CS.188	59.07432	1038.67164179	464	6.99794933946	0.97794009253
CS.113	52.11911	711.1	271	5.87817746828	0.959037759592
CS.363	57.88742	679.428571429	352	6.70540903014	0.978099920108
CS.165	47.92018	880.625	275	6.05074099901	0.969080767146
CS.336	62.30037	949.9	364	6.8173638144	0.982815922398
CS.346	39.3207	472.666666667	209	5.35391085463	0.943672537245
CS.345.0	37.63155	386.217391304	171	4.81918383044	0.923613087483
CS.311	57.14124	699.871794872	305	6.28005565622	0.971325756693
CS.212	51.51703	783.568965517	372	6.52368319866	0.972152330924
CS.308.0	46.10123	522.451612903	235	5.26081522864	0.933720548666
CS.078	56.3662	589.727272727	297	6.3682733954	0.975743443204
CS.044	53.45441	782.576923077	281	6.27449230745	0.972251624351
CS.191	74.677	1144.9	440	7.05419639048	0.979959494379
CS.387	64.93147	915.957746479	427	6.94966765719	0.982711838498
CS.223	61.99983	848	386	6.74119286332	0.98001654455
CS.322	49.82949	778.019230769	356	6.5752519076	0.977547273797
CS.163	48.48348	482.724137931	224	5.61125977418	0.957438177321
CS.319	53.9492	753.385964912	361	6.3871986511	0.967597462705
CS.194	40.20467	712.2	330	6.10918845056	0.964248487027
CS.318	51.06444	945.837209302	365	6.64404594304	0.975062760632
CS.343	44.51465	705.75	342	6.32668288632	0.966822277177
CS.320	58.78536	1218.48648649	384	6.76643098394	0.981705839303
CS.361	48.34804	846.65	329	6.0839114268	0.959404448476
CS.080	46.68489	562.387096774	253	6.1549317024	0.971206865879
CS.339	42.78467	1062.26086957	298	5.93989961751	0.955460147734
CS.158	52.29032	487.75	237	6.1880105362	0.974004937235
CS.321	59.33279	1066.12244898	400	6.50523760779	0.971733817839
CS.285	38.21263	564.869565217	217	5.70768438952	0.966143772092
CS.112	52.42753	423.823529412	241	5.87623492148	0.956752704276
CS.326	56.58978	797.32	350	6.40306491496	0.973306834763
CS.390	56.30072	733.5	376	6.48283351825	0.970498311467
CS.262	54.74726	845.833333333	404	6.64796585148	0.975349753476
CS.253	35.3477	452	193	5.19197465655	0.944494756501
CS.393	55.79994	678.096774194	278	6.02509040176	0.963987188535
CS.370	66.09111	965	421	6.862358157	0.978998786922
CS.255	63.33195	817.3	386	6.79222140496	0.980752535303
CS.145	76.54653	1125.64179104	474	7.01539840853	0.978578531847
CS.270	55.99204	780.738095238	335	6.42339109332	0.97373710628
T.CS.064	78.30626	1207.17808219	508	7.17147354262	0.977475852209
TFS.025	55.15351	777.637931034	381	6.71581603945	0.976676278822
T.CS.061	64.21836	1020.47169811	419	6.95588355221	0.982369101976
T.CS.066	82.80711	1037.33333333	448	7.01610680501	0.979691227927
T.CS.036	73.66872	728.75	384	6.98749520503	0.980229067323
TFS.022	85.35109	923.585365854	484	7.53049887882	0.988977776345
T.CS.045	65.05925	893.169491525	403	6.35761728919	0.947492721204
T.CS.055	68.59212	1196.28571429	433	6.76564831284	0.975867559988
T.CS.026	47.56452	644.87755102	327	6.29978642405	0.972353966261
T.CS.031	69.59732	1055.25	450	7.10036882505	0.982170950619
T.CS.049	50.15581	862.62	372	6.56196279248	0.974686055305
TFS.027	63.11404	821.0625	432	6.63983654244	0.971030053899
TFS.020	74.43619	920	430	7.13757444011	0.984555299362
T.CS.008	57.31252	887.5	436	6.58064120084	0.956473114889
T.CS.043	62.43045	1125.4	417	6.89697890561	0.97904407866
T.CS.158	79.81069	1075.36842105	497	7.07137945874	0.977147922601
T.CS.109	84.20443	1256.125	487	7.446466494	0.9877030752
T.CS.166	78.041	1034.08333333	472	7.11500391965	0.980617531082
T.CS.151	68.85297	1059.6557377	451	6.86014303146	0.976006919184
T.CS.141	57.93121	978.701754386	415	6.85157191148	0.979743487625
T.CS.095	81.92477	1068.01408451	494	7.4123257758	0.984782193553
T.CS.142	61.04052	1043.50847458	428	6.72773244955	0.977238506078
T.CS.152	71.33776	1121.63793103	453	6.84242072759	0.972753317457
T.CS.157	60.1959	897.659574468	371	6.57682651712	0.974680829335
