PD_whole_tree	chao1	observed_otus	shannon	simpson
CS.108	59.3289	433.8	256	5.54618793642	0.925806688327
CS.296	75.7059	1219.23809524	493	7.25488836903	0.983416473433
L.005.M1	70.963	1024.421875	457	7.01391595691	0.975874963445
CS.260	59.33226	720.333333333	338	6.4665581437	0.972846078421
CS.105	69.69049	700.127659574	338	6.35411311319	0.961236586405
CS.297	67.1433	1048.953125	443	6.77684726875	0.975110229858
CS.176	71.62528	995.12195122	375	6.50851256646	0.964899555771
CS.244	63.61954	489.161290323	274	6.76268413751	0.983052833031
CS.219	71.51617	504.9375	308	6.37588193349	0.967133222383
CS.174	83.72935	1166.15909091	538	7.34763833983	0.981812971685
L.025.M1	53.42792	817.042553191	359	6.66584254524	0.979004012892
CS.354	60.82721	1116.7755102	419	6.82118206902	0.974552793074
CS.019	60.53423	750.527777778	308	6.20863252641	0.963951477741
CS.314	66.81832	885	375	6.88235303534	0.979356330359
L.007.M1	69.41397	1120.59677419	477	7.16661419094	0.981992396649
CS.287	59.87732	796.4	338	6.69591888841	0.980349700127
CS.155	67.7537	843.1	408	7.22611250408	0.987524956728
CS.065	60.62497	907.45	343	6.38383497062	0.971754286221
CS.063	54.01978	440.222222222	238	6.04233026265	0.961222650486
CS.064	69.91233	564.756756757	298	6.60108838627	0.979089805897
CS.137	62.84043	551.246153846	338	6.61935329435	0.9750335823
CS.153	75.75788	749.317073171	352	6.86003894222	0.982335133172
CS.067	35.34234	309.882352941	151	5.12352270866	0.944192956743
CS.388	41.60466	649.9	295	6.18997178471	0.971357983507
CS.230	42.67571	561.027027027	271	5.86024907839	0.947471381827
CS.382	61.95589	1238	422	7.23800514428	0.987131702497
CS.056	56.12641	668.625	269	6.37092230781	0.974595907325
CS.290	49.11392	675	334	6.25015827634	0.95688030504
CS.301	68.72994	923.15625	429	7.04717846796	0.981761582981
CS.269	35.64252	530.875	244	5.63820648881	0.953633235775
CS.375	53.81888	1000.02040816	380	6.38446698704	0.97116331613
CS.374	55.49643	923.660377358	378	6.69097223461	0.980555254941
CS.232	87.36415	833.12244898	398	7.12496767232	0.984138528267
CS.380	73.08874	1110.59649123	464	7.29262079238	0.984911100809
CS.126	72.30157	1211.87301587	476	7.0231210093	0.978482286902
CS.203	59.31398	919.344262295	405	6.38679076113	0.962855330565
CS.282	51.91179	1016.15789474	353	6.38992314933	0.972062182944
CS.125	51.33107	765.220338983	368	6.42363013852	0.964026818806
CS.224	34.16981	560.84375	248	5.35862250666	0.923013407443
CS.128	70.82491	1293.68421053	475	7.10430674274	0.979665969072
CS.136	64.14091	552.825	299	6.56178134304	0.977852993033
CS.236	46.20137	433.166666667	210	5.55428021609	0.95268254476
CS.292	64.59762	598.068181818	298	6.23962856774	0.966922441599
CS.376	55.0281	929.346938776	373	6.415152378	0.968378309699
CS.205	50.88079	888	402	6.5871287965	0.971146767226
CS.256	57.61418	716.631578947	364	6.57085381868	0.974419530843
CS.166	66.26063	928.5	376	6.78491363107	0.979089805897
CS.129	56.6716	935.459459459	348	6.71868482096	0.981093965333
CS.348	64.66566	918.294117647	333	6.50149004386	0.97650164433
CS.349	74.49299	795.6	429	7.02620693026	0.980594885213
CS.147	58.42932	847.230769231	406	6.74398006229	0.977459303304
CS.389	53.36524	717.781818182	345	6.38418449585	0.97160360409
CS.177	47.46495	668.033898305	354	6.15596419519	0.956793205542
CS.178	67.57516	702.666666667	358	6.77081022645	0.977249829013
CS.254	62.16516	754.75	389	6.85870674223	0.977434915445
CS.323	72.60433	997.172413793	430	7.1232104629	0.985316984467
CS.214	57.23535	744.666666667	346	6.29829327614	0.97100392405
CS.181	64.41238	881.038461538	379	6.60629832305	0.973310318743
CS.385	65.50113	890.038461538	388	6.87889430286	0.982373892448
CS.395	68.90364	852.01754386	402	7.00537435368	0.984435537553
T.CS.076	76.56586	892.720588235	435	7.24970832703	0.987209656547
T.CS.025	66.86535	1078.41176471	408	6.7995361445	0.98035971657
T.CS.058	66.55328	897.37254902	381	6.65214767477	0.976433706722
T.CS.001	51.28516	791.918367347	361	6.26814834108	0.959664440476
T.CS.079	53.03933	636.966666667	344	6.60273114939	0.978379509495
T.CS.071	75.36113	1266.04761905	491	6.97095459806	0.97511153635
T.CS.046	61.19318	896.6875	381	6.59680931078	0.973229751708
T.CS.012	50.08713	839.019230769	363	6.65453843847	0.980076207705
T.CS.023	40.38898	499.666666667	268	6.13024106614	0.972092667768
T.CS.028	75.67955	1309.42857143	487	7.08161433161	0.977649180209
T.CS.082	68.62443	973.185185185	406	6.64423600989	0.971670235206
T.CS.022	72.2385	969.081967213	434	7.12033643207	0.98170104883
T.CS.034	72.15467	902.789473684	446	6.75874115741	0.972982824632
T.CS.040	82.47706	1217.30434783	496	7.10084344328	0.98060577265
T.CS.056	54.67527	866.294117647	327	6.30850200919	0.966642852212
T.CS.129	84.34811	848	410	6.95106771073	0.977169261978
T.CS.116	65.95387	635.9375	296	6.41060627964	0.969754917257
T.CS.132	96.12883	922.630136986	479	7.25809727519	0.976359236651
T.CS.131	81.53118	1127.55882353	468	6.86189151315	0.974474839024
T.CS.114	84.63574	712.080645161	407	6.91773303372	0.968194965257
T.CS.128	86.10473	1189.06976744	430	7.01123743532	0.977528982902
T.CS.119	93.59639	864.126760563	450	7.2913131846	0.985620961713
T.CS.110	84.52998	1048.01587302	450	7.00845971088	0.979095902861
T.CS.134	69.54457	928.512820513	456	6.67915939831	0.969938697196
T.CS.126	79.04796	1036.37333333	466	6.9746163331	0.980267391102
T.CS.122	76.49354	1227.68493151	502	6.96681409584	0.977097404892
T.CS.139	82.92212	1050.20547945	488	7.27250025817	0.98383977699
T.CS.178	86.36602	914.050847458	432	7.21062976028	0.984780451563
T.CS.160	103.14494	1108.52173913	497	7.50177328134	0.988042327743
T.CS.102	79.21437	1029.43589744	481	6.92900697563	0.975910674239
CS.242	73.69293	1106.54237288	435	6.62854487692	0.96826377386
CS.015	55.59772	709.317073171	312	5.93450621484	0.95455779694
CS.006	60.00565	727.487179487	319	6.23407554922	0.959827752034
CS.246	72.58829	1082.61111111	425	6.81818603639	0.977180149415
CS.087	50.38845	781.75	295	5.78199966618	0.947000173546
CS.085	80.66386	677.960784314	376	7.1406687311	0.98487277703
CS.088	40.29899	544.913043478	224	5.70294605883	0.957408127994
CS.237	57.98729	597.757575758	277	5.98425714399	0.957877158788
CS.082	89.14972	719	410	7.08168303188	0.980971155042
CS.356	35.34788	606.034482759	251	5.96774327889	0.970047136071
CS.110	51.46509	583.4	248	5.88367919275	0.961447802687
CS.238	66.18718	604	310	6.78334257858	0.982936990699
L.024.M1	56.79889	802.368421053	372	6.56552259482	0.975507403566
L.034.M1	70.75508	1058.01587302	460	7.21846032357	0.984031395885
CS.241	75.66734	726.2	368	6.85324627946	0.981113127223
CS.212	51.51703	783.568965517	372	6.52368319866	0.972152330924
CS.191	74.677	1144.9	440	7.05419639048	0.979959494379
CS.165	47.92018	880.625	275	6.05074099901	0.969080767146
CS.274	52.58266	803.725806452	390	6.69418497968	0.973216686783
CS.188	59.07432	1038.67164179	464	6.99794933946	0.97794009253
CS.308.0	46.10123	522.451612903	235	5.26081522864	0.933720548666
CS.336	62.30037	949.9	364	6.8173638144	0.982815922398
CS.387	64.93147	915.957746479	427	6.94966765719	0.982711838498
CS.189	53.15177	700.923076923	297	6.12030120477	0.967521686142
CS.150	66.94112	824.529411765	365	6.447622457	0.972313900492
CS.338	59.59067	761.9	341	6.63836859261	0.977309056671
CS.233	64.39509	465.069767442	264	6.00055573421	0.962936333098
CS.207	46.48063	583.27027027	269	5.94464040511	0.962924139168
CS.228	56.21136	460.108108108	254	6.01750865849	0.96295157551
CS.304	50.77043	666.95	295	6.06768128883	0.9621907614
CS.080	46.68489	562.387096774	253	6.1549317024	0.971206865879
CS.322	49.82949	778.019230769	356	6.5752519076	0.977547273797
CS.227	37.19008	544.565217391	213	5.53732353545	0.953009167875
CS.202	50.96405	914.645833333	366	6.07334563574	0.954360952076
CS.361	48.34804	846.65	329	6.0839114268	0.959404448476
CS.285	38.21263	564.869565217	217	5.70768438952	0.966143772092
CS.339	42.78467	1062.26086957	298	5.93989961751	0.955460147734
CS.321	59.33279	1066.12244898	400	6.50523760779	0.971733817839
CS.163	48.48348	482.724137931	224	5.61125977418	0.957438177321
CS.158	52.29032	487.75	237	6.1880105362	0.974004937235
CS.320	58.78536	1218.48648649	384	6.76643098394	0.981705839303
CS.318	51.06444	945.837209302	365	6.64404594304	0.975062760632
CS.319	53.9492	753.385964912	361	6.3871986511	0.967597462705
CS.152	87.54165	1207.08196721	501	7.57518731551	0.989029600546
CS.112	52.42753	423.823529412	241	5.87623492148	0.956752704276
CS.370	66.09111	965	421	6.862358157	0.978998786922
CS.326	56.58978	797.32	350	6.40306491496	0.973306834763
CS.253	35.3477	452	193	5.19197465655	0.944494756501
CS.270	55.99204	780.738095238	335	6.42339109332	0.97373710628
CS.262	54.74726	845.833333333	404	6.64796585148	0.975349753476
CS.390	56.30072	733.5	376	6.48283351825	0.970498311467
CS.145	76.54653	1125.64179104	474	7.01539840853	0.978578531847
CS.255	63.33195	817.3	386	6.79222140496	0.980752535303
CS.393	55.79994	678.096774194	278	6.02509040176	0.963987188535
T.CS.064	78.30626	1207.17808219	508	7.17147354262	0.977475852209
TFS.020	74.43619	920	430	7.13757444011	0.984555299362
T.CS.031	69.59732	1055.25	450	7.10036882505	0.982170950619
T.CS.026	47.56452	644.87755102	327	6.29978642405	0.972353966261
TFS.025	55.15351	777.637931034	381	6.71581603945	0.976676278822
T.CS.061	64.21836	1020.47169811	419	6.95588355221	0.982369101976
TFS.022	85.35109	923.585365854	484	7.53049887882	0.988977776345
T.CS.066	82.80711	1037.33333333	448	7.01610680501	0.979691227927
T.CS.045	65.05925	893.169491525	403	6.35761728919	0.947492721204
T.CS.055	68.59212	1196.28571429	433	6.76564831284	0.975867559988
TFS.021	74.06193	1249.06521739	589	7.7528956303	0.9875297472
TFS.027	63.11404	821.0625	432	6.63983654244	0.971030053899
T.CS.049	50.15581	862.62	372	6.56196279248	0.974686055305
T.CS.008	57.31252	887.5	436	6.58064120084	0.956473114889
T.CS.043	62.43045	1125.4	417	6.89697890561	0.97904407866
T.CS.142	61.04052	1043.50847458	428	6.72773244955	0.977238506078
T.CS.109	84.20443	1256.125	487	7.446466494	0.9877030752
T.CS.152	71.33776	1121.63793103	453	6.84242072759	0.972753317457
T.CS.157	60.1959	897.659574468	371	6.57682651712	0.974680829335
T.CS.158	79.81069	1075.36842105	497	7.07137945874	0.977147922601
T.CS.095	81.92477	1068.01408451	494	7.4123257758	0.984782193553
T.CS.141	57.93121	978.701754386	415	6.85157191148	0.979743487625
T.CS.151	68.85297	1059.6557377	451	6.86014303146	0.976006919184
T.CS.166	78.041	1034.08333333	472	7.11500391965	0.980617531082
