PD_whole_tree	chao1	observed_otus	shannon	simpson
CS.011	89.33032	631.105263158	364	6.85376449652	0.976287379566
L.011.M1	57.58105	829.125	303	6.31546578459	0.973151797657
L.002.M1	46.70484	668.773584906	330	6.04703378152	0.96279566741
CS.293	70.45321	1065.35	442	6.91126224323	0.97709435641
CS.295	60.26104	823.610169492	385	6.52059363954	0.969244078704
CS.261	84.7791	1096.51923077	454	7.38640745197	0.987430453773
CS.094	49.85586	923.689655172	298	5.56849439107	0.931827876586
CS.172	57.76873	817.214285714	292	6.16415533253	0.967703288594
CS.098	78.16861	582.767857143	347	6.95380003971	0.984374132407
CS.002	67.60068	474	288	6.56685328249	0.977021192832
CS.037	47.27508	483	241	5.91222752467	0.964095191912
L.033.M1	62.57073	1082.625	468	6.966635126	0.980184211082
CS.243	59.8319	635.375	338	6.42809629799	0.96690327971
CS.059	74.0919	587	347	6.95487231785	0.983263613815
CS.007	65.82883	842.01754386	380	6.40182612807	0.962483415711
CS.127	62.95792	1080.48214286	432	6.97132601311	0.982353424066
CS.154	30.01407	460	156	4.85330479262	0.935241741389
CS.381	75.59578	1054.17021277	413	7.21553544724	0.987855499321
CS.056	56.12641	668.625	269	6.37092230781	0.974595907325
CS.117	61.416	617.6	281	6.28119277593	0.974535373175
CS.305	77.52314	1076.62295082	459	7.06400878246	0.977686197495
CS.072	85.78439	1171.27083333	437	7.02835033787	0.981414491484
CS.334	46.2462	583	303	6.41928034707	0.974082891285
CS.058	66.93286	614.772727273	311	6.53618051833	0.977769377515
CS.368	79.21084	1118.78846154	441	7.18501345283	0.984324485694
CS.067	35.34234	309.882352941	151	5.12352270866	0.944192956743
CS.122	66.96008	592.7	302	6.40043786684	0.97152390805
CS.155	67.7537	843.1	408	7.22611250408	0.987524956728
CS.118	58.82064	683.090909091	283	5.9547534053	0.959999338044
CS.073	58.90019	688.571428571	302	6.52426661077	0.979663356087
CS.213	43.6912	709.818181818	323	6.32848837632	0.970762222945
CS.374	55.49643	923.660377358	378	6.69097223461	0.980555254941
CS.236	46.20137	433.166666667	210	5.55428021609	0.95268254476
CS.203	59.31398	919.344262295	405	6.38679076113	0.962855330565
CS.375	53.81888	1000.02040816	380	6.38446698704	0.97116331613
CS.232	87.36415	833.12244898	398	7.12496767232	0.984138528267
CS.128	70.82491	1293.68421053	475	7.10430674274	0.979665969072
CS.292	64.59762	598.068181818	298	6.23962856774	0.966922441599
CS.380	73.08874	1110.59649123	464	7.29262079238	0.984911100809
CS.282	51.91179	1016.15789474	353	6.38992314933	0.972062182944
CS.205	50.88079	888	402	6.5871287965	0.971146767226
CS.125	51.33107	765.220338983	368	6.42363013852	0.964026818806
CS.041	50.89165	534.833333333	251	5.60514453667	0.932337408646
CS.376	55.0281	929.346938776	373	6.415152378	0.968378309699
CS.126	72.30157	1211.87301587	476	7.0231210093	0.978482286902
CS.369	48.5155	451	271	5.76314234833	0.957610198829
CS.254	62.16516	754.75	389	6.85870674223	0.977434915445
CS.349	74.49299	795.6	429	7.02620693026	0.980594885213
CS.178	67.57516	702.666666667	358	6.77081022645	0.977249829013
CS.323	72.60433	997.172413793	430	7.1232104629	0.985316984467
CS.385	65.50113	890.038461538	388	6.87889430286	0.982373892448
CS.166	66.26063	928.5	376	6.78491363107	0.979089805897
CS.182	78.28983	838.180722892	448	7.10242456785	0.983314567021
CS.268	59.68666	596.083333333	298	6.55616118203	0.977718859807
CS.386	41.30146	534.125	279	5.56718084205	0.937366533629
CS.214	57.23535	744.666666667	346	6.29829327614	0.97100392405
CS.348	64.66566	918.294117647	333	6.50149004386	0.97650164433
CS.181	64.41238	881.038461538	379	6.60629832305	0.973310318743
CS.147	58.42932	847.230769231	406	6.74398006229	0.977459303304
CS.395	68.90364	852.01754386	402	7.00537435368	0.984435537553
T.CS.076	76.56586	892.720588235	435	7.24970832703	0.987209656547
T.CS.023	40.38898	499.666666667	268	6.13024106614	0.972092667768
T.CS.052	61.68187	710.631578947	358	6.74864951566	0.98111878869
TFS.024	57.08813	893.622222222	368	6.64555195495	0.97649990234
T.CS.020	80.23638	974.651162791	399	7.21685119092	0.986980149371
T.CS.028	75.67955	1309.42857143	487	7.08161433161	0.977649180209
T.CS.085	67.32207	1189.93617021	423	6.75640819582	0.974365964652
T.CS.048	60.09315	1007	378	7.03084269579	0.985694125291
T.CS.071	75.36113	1266.04761905	491	6.97095459806	0.97511153635
T.CS.057	48.4391	795.558139535	342	6.58019024863	0.978455721555
T.CS.046	61.19318	896.6875	381	6.59680931078	0.973229751708
T.CS.014	67.02432	855.022222222	372	6.6680817653	0.97373536429
T.CS.001	51.28516	791.918367347	361	6.26814834108	0.959664440476
T.CS.072	85.50214	843.153846154	438	7.24228384431	0.983714353714
T.CS.067	58.81348	1082.875	415	6.37526497002	0.963068724334
T.CS.159	95.15364	926.833333333	422	7.15131294291	0.983327631945
T.CS.121	77.30013	1093.88888889	451	7.26419737759	0.986044700769
T.CS.118	71.5671	1012.68181818	446	7.07536981456	0.9835954629
T.CS.100	87.11607	828.518518519	426	7.47301869175	0.988512665029
T.CS.120	73.60569	1351.02040816	460	7.04286832258	0.981471106157
T.CS.129	84.34811	848	410	6.95106771073	0.977169261978
T.CS.126	79.04796	1036.37333333	466	6.9746163331	0.980267391102
T.CS.092	87.55825	790.051724138	426	7.29315841023	0.976431529234
T.CS.123	67.52862	1208.12244898	428	6.78750719617	0.977747602641
T.CS.106	83.0265	801.554054054	430	6.87441342946	0.974452193154
T.CS.177	88.74864	894.338709677	424	6.955839021	0.977892187807
T.CS.160	103.14494	1108.52173913	497	7.50177328134	0.988042327743
T.CS.104	88.68259	1167.47457627	467	6.90910636658	0.974018873155
T.CS.098	84.25026	984.278688525	445	7.09317344419	0.982979669453
T.CS.153	94.78263	798.096385542	464	7.22965710182	0.981313891564
CS.088	40.29899	544.913043478	224	5.70294605883	0.957408127994
CS.237	57.98729	597.757575758	277	5.98425714399	0.957877158788
CS.241	75.66734	726.2	368	6.85324627946	0.981113127223
CS.103	70.81369	545.630434783	328	6.92782641686	0.982591205694
CS.085	80.66386	677.960784314	376	7.1406687311	0.98487277703
L.024.M1	56.79889	802.368421053	372	6.56552259482	0.975507403566
CS.246	72.58829	1082.61111111	425	6.81818603639	0.977180149415
CS.356	35.34788	606.034482759	251	5.96774327889	0.970047136071
CS.087	50.38845	781.75	295	5.78199966618	0.947000173546
CS.242	73.69293	1106.54237288	435	6.62854487692	0.96826377386
CS.006	60.00565	727.487179487	319	6.23407554922	0.959827752034
CS.238	66.18718	604	310	6.78334257858	0.982936990699
CS.110	51.46509	583.4	248	5.88367919275	0.961447802687
CS.082	89.14972	719	410	7.08168303188	0.980971155042
L.034.M1	70.75508	1058.01587302	460	7.21846032357	0.984031395885
CS.044	53.45441	782.576923077	281	6.27449230745	0.972251624351
CS.078	56.3662	589.727272727	297	6.3682733954	0.975743443204
CS.347.0	43.29714	470.034482759	232	6.06462280369	0.969047669337
CS.358	36.71331	589.146341463	275	5.4880058848	0.937236755378
CS.311	57.14124	699.871794872	305	6.28005565622	0.971325756693
CS.304	50.77043	666.95	295	6.06768128883	0.9621907614
CS.228	56.21136	460.108108108	254	6.01750865849	0.96295157551
CS.345.0	37.63155	386.217391304	171	4.81918383044	0.923613087483
CS.338	59.59067	761.9	341	6.63836859261	0.977309056671
CS.164	34.23974	265.1875	127	4.474847785	0.918791259304
CS.187	60.15305	960.222222222	375	6.40752613733	0.965895974022
CS.150	66.94112	824.529411765	365	6.447622457	0.972313900492
CS.165	47.92018	880.625	275	6.05074099901	0.969080767146
CS.212	51.51703	783.568965517	372	6.52368319866	0.972152330924
CS.188	59.07432	1038.67164179	464	6.99794933946	0.97794009253
CS.285	38.21263	564.869565217	217	5.70768438952	0.966143772092
CS.202	50.96405	914.645833333	366	6.07334563574	0.954360952076
CS.343	44.51465	705.75	342	6.32668288632	0.966822277177
CS.339	42.78467	1062.26086957	298	5.93989961751	0.955460147734
CS.194	40.20467	712.2	330	6.10918845056	0.964248487027
CS.321	59.33279	1066.12244898	400	6.50523760779	0.971733817839
CS.319	53.9492	753.385964912	361	6.3871986511	0.967597462705
CS.080	46.68489	562.387096774	253	6.1549317024	0.971206865879
CS.112	52.42753	423.823529412	241	5.87623492148	0.956752704276
CS.163	48.48348	482.724137931	224	5.61125977418	0.957438177321
CS.318	51.06444	945.837209302	365	6.64404594304	0.975062760632
CS.322	49.82949	778.019230769	356	6.5752519076	0.977547273797
CS.331	69.81227	900.166666667	402	6.84844477802	0.980614047102
CS.361	48.34804	846.65	329	6.0839114268	0.959404448476
CS.158	52.29032	487.75	237	6.1880105362	0.974004937235
CS.393	55.79994	678.096774194	278	6.02509040176	0.963987188535
CS.270	55.99204	780.738095238	335	6.42339109332	0.97373710628
CS.390	56.30072	733.5	376	6.48283351825	0.970498311467
CS.253	35.3477	452	193	5.19197465655	0.944494756501
CS.262	54.74726	845.833333333	404	6.64796585148	0.975349753476
CS.255	63.33195	817.3	386	6.79222140496	0.980752535303
CS.370	66.09111	965	421	6.862358157	0.978998786922
CS.145	76.54653	1125.64179104	474	7.01539840853	0.978578531847
CS.326	56.58978	797.32	350	6.40306491496	0.973306834763
T.CS.064	78.30626	1207.17808219	508	7.17147354262	0.977475852209
TFS.021	74.06193	1249.06521739	589	7.7528956303	0.9875297472
T.CS.008	57.31252	887.5	436	6.58064120084	0.956473114889
TFS.027	63.11404	821.0625	432	6.63983654244	0.971030053899
T.CS.043	62.43045	1125.4	417	6.89697890561	0.97904407866
T.CS.061	64.21836	1020.47169811	419	6.95588355221	0.982369101976
T.CS.036	73.66872	728.75	384	6.98749520503	0.980229067323
T.CS.026	47.56452	644.87755102	327	6.29978642405	0.972353966261
T.CS.055	68.59212	1196.28571429	433	6.76564831284	0.975867559988
T.CS.066	82.80711	1037.33333333	448	7.01610680501	0.979691227927
TFS.022	85.35109	923.585365854	484	7.53049887882	0.988977776345
T.CS.049	50.15581	862.62	372	6.56196279248	0.974686055305
T.CS.031	69.59732	1055.25	450	7.10036882505	0.982170950619
TFS.020	74.43619	920	430	7.13757444011	0.984555299362
T.CS.045	65.05925	893.169491525	403	6.35761728919	0.947492721204
T.CS.095	81.92477	1068.01408451	494	7.4123257758	0.984782193553
T.CS.141	57.93121	978.701754386	415	6.85157191148	0.979743487625
T.CS.151	68.85297	1059.6557377	451	6.86014303146	0.976006919184
T.CS.166	78.041	1034.08333333	472	7.11500391965	0.980617531082
T.CS.152	71.33776	1121.63793103	453	6.84242072759	0.972753317457
T.CS.158	79.81069	1075.36842105	497	7.07137945874	0.977147922601
T.CS.109	84.20443	1256.125	487	7.446466494	0.9877030752
T.CS.142	61.04052	1043.50847458	428	6.72773244955	0.977238506078
T.CS.157	60.1959	897.659574468	371	6.57682651712	0.974680829335
