PD_whole_tree	chao1	observed_otus	shannon	simpson
CS.016	51.76786	496.214285714	258	6.21159425564	0.964744954163
CS.280	83.39063	1210.08064516	477	7.04841912914	0.979812731725
CS.108	59.3289	433.8	256	5.54618793642	0.925806688327
L.004.M1	81.8203	1116.825	522	7.54829133652	0.987306336989
CS.143	67.21222	576.972972973	314	6.6797843935	0.974841527908
CS.059	74.0919	587	347	6.95487231785	0.983263613815
L.006.M1	65.54753	661.270833333	362	7.24298862949	0.987928227401
L.008.M1	48.26063	775.4	342	6.22021006954	0.960181811491
CS.261	84.7791	1096.51923077	454	7.38640745197	0.987430453773
L.033.M1	62.57073	1082.625	468	6.966635126	0.980184211082
CS.245	54.19798	903.20754717	380	6.39147229151	0.969663898282
CS.037	47.27508	483	241	5.91222752467	0.964095191912
CS.039	63.3587	645.636363636	323	6.48697468786	0.972185428733
CS.172	57.76873	817.214285714	292	6.16415533253	0.967703288594
CS.264	50.00241	428.5	240	5.26145135452	0.934977829912
CS.161	48.61543	484.303030303	238	5.83257989884	0.963981962565
CS.072	85.78439	1171.27083333	437	7.02835033787	0.981414491484
CS.229	58.99669	688.53125	296	6.37016343859	0.972945371848
CS.040	61.12304	719	304	6.11328587049	0.962114984837
CS.334	46.2462	583	303	6.41928034707	0.974082891285
CS.154	30.01407	460	156	4.85330479262	0.935241741389
CS.290	49.11392	675	334	6.25015827634	0.95688030504
CS.366	41.97411	784.2	321	6.0310979711	0.957813140658
CS.269	35.64252	530.875	244	5.63820648881	0.953633235775
CS.058	66.93286	614.772727273	311	6.53618051833	0.977769377515
CS.381	75.59578	1054.17021277	413	7.21553544724	0.987855499321
CS.287	59.87732	796.4	338	6.69591888841	0.980349700127
CS.060	55.22339	626.913043478	251	6.1521974145	0.973900853336
CS.327	56.35991	1193.625	403	6.35263509688	0.967896213981
CS.230	42.67571	561.027027027	271	5.86024907839	0.947471381827
CS.125	51.33107	765.220338983	368	6.42363013852	0.964026818806
CS.205	50.88079	888	402	6.5871287965	0.971146767226
CS.213	43.6912	709.818181818	323	6.32848837632	0.970762222945
CS.126	72.30157	1211.87301587	476	7.0231210093	0.978482286902
CS.136	64.14091	552.825	299	6.56178134304	0.977852993033
CS.128	70.82491	1293.68421053	475	7.10430674274	0.979665969072
CS.375	53.81888	1000.02040816	380	6.38446698704	0.97116331613
CS.376	55.0281	929.346938776	373	6.415152378	0.968378309699
CS.292	64.59762	598.068181818	298	6.23962856774	0.966922441599
CS.232	87.36415	833.12244898	398	7.12496767232	0.984138528267
CS.224	34.16981	560.84375	248	5.35862250666	0.923013407443
CS.236	46.20137	433.166666667	210	5.55428021609	0.95268254476
CS.374	55.49643	923.660377358	378	6.69097223461	0.980555254941
CS.041	50.89165	534.833333333	251	5.60514453667	0.932337408646
CS.282	51.91179	1016.15789474	353	6.38992314933	0.972062182944
CS.177	47.46495	668.033898305	354	6.15596419519	0.956793205542
CS.166	66.26063	928.5	376	6.78491363107	0.979089805897
CS.129	56.6716	935.459459459	348	6.71868482096	0.981093965333
CS.389	53.36524	717.781818182	345	6.38418449585	0.97160360409
CS.372	57.11989	722.566037736	362	6.75957425621	0.979794440831
CS.395	68.90364	852.01754386	402	7.00537435368	0.984435537553
CS.323	72.60433	997.172413793	430	7.1232104629	0.985316984467
CS.254	62.16516	754.75	389	6.85870674223	0.977434915445
CS.359	38.89341	629.75	313	6.1070300499	0.968807274724
CS.148	47.5661	486.766666667	303	6.14357379957	0.970204786161
CS.147	58.42932	847.230769231	406	6.74398006229	0.977459303304
CS.181	64.41238	881.038461538	379	6.60629832305	0.973310318743
CS.256	57.61418	716.631578947	364	6.57085381868	0.974419530843
CS.178	67.57516	702.666666667	358	6.77081022645	0.977249829013
CS.349	74.49299	795.6	429	7.02620693026	0.980594885213
T.CS.085	67.32207	1189.93617021	423	6.75640819582	0.974365964652
T.CS.050	64.39068	879.222222222	383	6.47567975545	0.968356099327
T.CS.040	82.47706	1217.30434783	496	7.10084344328	0.98060577265
T.CS.025	66.86535	1078.41176471	408	6.7995361445	0.98035971657
T.CS.004	69.63832	1299.5	497	7.23067328989	0.984696836045
T.CS.012	50.08713	839.019230769	363	6.65453843847	0.980076207705
T.CS.069	75.43499	1044	482	7.25459416347	0.982750597775
T.CS.034	72.15467	902.789473684	446	6.75874115741	0.972982824632
T.CS.080	61.42408	798.571428571	395	6.7836253576	0.977380042761
T.CS.019	51.89856	844	329	6.03312979281	0.962033982304
T.CS.072	85.50214	843.153846154	438	7.24228384431	0.983714353714
TFS.024	57.08813	893.622222222	368	6.64555195495	0.97649990234
T.CS.048	60.09315	1007	378	7.03084269579	0.985694125291
T.CS.020	80.23638	974.651162791	399	7.21685119092	0.986980149371
T.CS.079	53.03933	636.966666667	344	6.60273114939	0.978379509495
T.CS.134	69.54457	928.512820513	456	6.67915939831	0.969938697196
T.CS.177	88.74864	894.338709677	424	6.955839021	0.977892187807
T.CS.106	83.0265	801.554054054	430	6.87441342946	0.974452193154
T.CS.178	86.36602	914.050847458	432	7.21062976028	0.984780451563
T.CS.116	65.95387	635.9375	296	6.41060627964	0.969754917257
T.CS.122	76.49354	1227.68493151	502	6.96681409584	0.977097404892
T.CS.108	89.05924	970.538461538	419	7.15242853132	0.985449375703
T.CS.128	86.10473	1189.06976744	430	7.01123743532	0.977528982902
T.CS.132	96.12883	922.630136986	479	7.25809727519	0.976359236651
T.CS.100	87.11607	828.518518519	426	7.47301869175	0.988512665029
T.CS.161	92.08494	1140.5	466	7.32759871853	0.986926147683
T.CS.115	92.23456	870.467741935	427	7.149093667	0.984338421613
T.CS.153	94.78263	798.096385542	464	7.22965710182	0.981313891564
T.CS.110	84.52998	1048.01587302	450	7.00845971088	0.979095902861
T.CS.097	79.35565	1027.38356164	473	6.90584544245	0.973073843607
CS.103	70.81369	545.630434783	328	6.92782641686	0.982591205694
CS.082	89.14972	719	410	7.08168303188	0.980971155042
CS.238	66.18718	604	310	6.78334257858	0.982936990699
CS.237	57.98729	597.757575758	277	5.98425714399	0.957877158788
CS.015	55.59772	709.317073171	312	5.93450621484	0.95455779694
L.034.M1	70.75508	1058.01587302	460	7.21846032357	0.984031395885
CS.085	80.66386	677.960784314	376	7.1406687311	0.98487277703
CS.088	40.29899	544.913043478	224	5.70294605883	0.957408127994
L.024.M1	56.79889	802.368421053	372	6.56552259482	0.975507403566
CS.006	60.00565	727.487179487	319	6.23407554922	0.959827752034
CS.241	75.66734	726.2	368	6.85324627946	0.981113127223
CS.242	73.69293	1106.54237288	435	6.62854487692	0.96826377386
CS.246	72.58829	1082.61111111	425	6.81818603639	0.977180149415
CS.087	50.38845	781.75	295	5.78199966618	0.947000173546
CS.356	35.34788	606.034482759	251	5.96774327889	0.970047136071
CS.338	59.59067	761.9	341	6.63836859261	0.977309056671
CS.234	37.48329	452.083333333	258	5.59677968789	0.941445838593
CS.304	50.77043	666.95	295	6.06768128883	0.9621907614
CS.346	39.3207	472.666666667	209	5.35391085463	0.943672537245
CS.336	62.30037	949.9	364	6.8173638144	0.982815922398
CS.274	52.58266	803.725806452	390	6.69418497968	0.973216686783
CS.228	56.21136	460.108108108	254	6.01750865849	0.96295157551
CS.308.0	46.10123	522.451612903	235	5.26081522864	0.933720548666
CS.364	43.52221	580.181818182	319	6.22348126099	0.969224481317
CS.212	51.51703	783.568965517	372	6.52368319866	0.972152330924
CS.345.0	37.63155	386.217391304	171	4.81918383044	0.923613087483
CS.358	36.71331	589.146341463	275	5.4880058848	0.937236755378
CS.164	34.23974	265.1875	127	4.474847785	0.918791259304
CS.207	46.48063	583.27027027	269	5.94464040511	0.962924139168
CS.363	57.88742	679.428571429	352	6.70540903014	0.978099920108
CS.194	40.20467	712.2	330	6.10918845056	0.964248487027
CS.202	50.96405	914.645833333	366	6.07334563574	0.954360952076
CS.227	37.19008	544.565217391	213	5.53732353545	0.953009167875
CS.285	38.21263	564.869565217	217	5.70768438952	0.966143772092
CS.320	58.78536	1218.48648649	384	6.76643098394	0.981705839303
CS.152	87.54165	1207.08196721	501	7.57518731551	0.989029600546
CS.339	42.78467	1062.26086957	298	5.93989961751	0.955460147734
CS.158	52.29032	487.75	237	6.1880105362	0.974004937235
CS.319	53.9492	753.385964912	361	6.3871986511	0.967597462705
CS.321	59.33279	1066.12244898	400	6.50523760779	0.971733817839
CS.343	44.51465	705.75	342	6.32668288632	0.966822277177
CS.331	69.81227	900.166666667	402	6.84844477802	0.980614047102
CS.112	52.42753	423.823529412	241	5.87623492148	0.956752704276
CS.361	48.34804	846.65	329	6.0839114268	0.959404448476
CS.223	61.99983	848	386	6.74119286332	0.98001654455
CS.262	54.74726	845.833333333	404	6.64796585148	0.975349753476
CS.326	56.58978	797.32	350	6.40306491496	0.973306834763
CS.145	76.54653	1125.64179104	474	7.01539840853	0.978578531847
CS.255	63.33195	817.3	386	6.79222140496	0.980752535303
CS.393	55.79994	678.096774194	278	6.02509040176	0.963987188535
CS.253	35.3477	452	193	5.19197465655	0.944494756501
CS.270	55.99204	780.738095238	335	6.42339109332	0.97373710628
CS.390	56.30072	733.5	376	6.48283351825	0.970498311467
CS.370	66.09111	965	421	6.862358157	0.978998786922
T.CS.043	62.43045	1125.4	417	6.89697890561	0.97904407866
T.CS.066	82.80711	1037.33333333	448	7.01610680501	0.979691227927
T.CS.064	78.30626	1207.17808219	508	7.17147354262	0.977475852209
T.CS.045	65.05925	893.169491525	403	6.35761728919	0.947492721204
T.CS.036	73.66872	728.75	384	6.98749520503	0.980229067323
T.CS.031	69.59732	1055.25	450	7.10036882505	0.982170950619
TFS.027	63.11404	821.0625	432	6.63983654244	0.971030053899
TFS.022	85.35109	923.585365854	484	7.53049887882	0.988977776345
T.CS.026	47.56452	644.87755102	327	6.29978642405	0.972353966261
TFS.021	74.06193	1249.06521739	589	7.7528956303	0.9875297472
TFS.020	74.43619	920	430	7.13757444011	0.984555299362
T.CS.055	68.59212	1196.28571429	433	6.76564831284	0.975867559988
T.CS.049	50.15581	862.62	372	6.56196279248	0.974686055305
T.CS.008	57.31252	887.5	436	6.58064120084	0.956473114889
TFS.025	55.15351	777.637931034	381	6.71581603945	0.976676278822
T.CS.152	71.33776	1121.63793103	453	6.84242072759	0.972753317457
T.CS.166	78.041	1034.08333333	472	7.11500391965	0.980617531082
T.CS.109	84.20443	1256.125	487	7.446466494	0.9877030752
T.CS.158	79.81069	1075.36842105	497	7.07137945874	0.977147922601
T.CS.157	60.1959	897.659574468	371	6.57682651712	0.974680829335
T.CS.095	81.92477	1068.01408451	494	7.4123257758	0.984782193553
T.CS.142	61.04052	1043.50847458	428	6.72773244955	0.977238506078
T.CS.151	68.85297	1059.6557377	451	6.86014303146	0.976006919184
T.CS.141	57.93121	978.701754386	415	6.85157191148	0.979743487625
