PD_whole_tree	chao1	observed_otus	shannon	simpson
CS.104	66.29261	659.7	309	6.42033473396	0.970498311467
L.012.M1	65.23339	965.32	406	7.06225621307	0.984788726015
CS.017	60.60506	613.25	302	5.71078691957	0.929080322939
CS.101	74.43904	775	340	6.82961558164	0.979415993515
CS.022	45.82996	489.444444444	225	5.91088745483	0.967185482082
CS.261	84.7791	1096.51923077	454	7.38640745197	0.987430453773
CS.265	97.47906	820.391891892	452	7.12389616961	0.974288446099
CS.002	67.60068	474	288	6.56685328249	0.977021192832
L.001.M1	76.14962	674.833333333	354	6.61833056202	0.968494152031
CS.091	55.72078	684.24	255	6.066246071	0.972315642482
CS.108	59.3289	433.8	256	5.54618793642	0.925806688327
CS.259	67.26999	1096.18181818	431	6.84496970515	0.975942465556
CS.001	87.25172	715.595744681	369	7.09209359199	0.985096187241
CS.281	69.33108	1073.68292683	380	6.53564019851	0.968237208513
CS.098	78.16861	582.767857143	347	6.95380003971	0.984374132407
CS.334	46.2462	583	303	6.41928034707	0.974082891285
CS.076	51.772	521.181818182	243	5.83708274666	0.964640434766
CS.066	52.22094	475.090909091	244	6.01373183012	0.967176336634
CS.230	42.67571	561.027027027	271	5.86024907839	0.947471381827
CS.065	60.62497	907.45	343	6.38383497062	0.971754286221
CS.161	48.61543	484.303030303	238	5.83257989884	0.963981962565
CS.367	35.51786	519.029411765	241	5.76612704329	0.963685824274
CS.067	35.34234	309.882352941	151	5.12352270866	0.944192956743
CS.154	30.01407	460	156	4.85330479262	0.935241741389
CS.137	62.84043	551.246153846	338	6.61935329435	0.9750335823
CS.050	42.19777	394.058823529	189	5.91222707649	0.968157076976
CS.155	67.7537	843.1	408	7.22611250408	0.987524956728
CS.072	85.78439	1171.27083333	437	7.02835033787	0.981414491484
CS.360	60.72465	880.1	414	7.09051462288	0.984522201553
CS.073	58.90019	688.571428571	302	6.52426661077	0.979663356087
CS.136	64.14091	552.825	299	6.56178134304	0.977852993033
CS.126	72.30157	1211.87301587	476	7.0231210093	0.978482286902
CS.375	53.81888	1000.02040816	380	6.38446698704	0.97116331613
CS.374	55.49643	923.660377358	378	6.69097223461	0.980555254941
CS.378	47.24715	569.085714286	279	6.46954394962	0.979322797052
CS.380	73.08874	1110.59649123	464	7.29262079238	0.984911100809
CS.205	50.88079	888	402	6.5871287965	0.971146767226
CS.224	34.16981	560.84375	248	5.35862250666	0.923013407443
CS.125	51.33107	765.220338983	368	6.42363013852	0.964026818806
CS.302	37.88055	655.59375	268	5.84781774126	0.959819042084
CS.203	59.31398	919.344262295	405	6.38679076113	0.962855330565
CS.128	70.82491	1293.68421053	475	7.10430674274	0.979665969072
CS.041	50.89165	534.833333333	251	5.60514453667	0.932337408646
CS.376	55.0281	929.346938776	373	6.415152378	0.968378309699
CS.232	87.36415	833.12244898	398	7.12496767232	0.984138528267
CS.183	49.17559	583.914893617	303	5.98932294483	0.956720477462
CS.348	64.66566	918.294117647	333	6.50149004386	0.97650164433
CS.395	68.90364	852.01754386	402	7.00537435368	0.984435537553
CS.386	41.30146	534.125	279	5.56718084205	0.937366533629
CS.323	72.60433	997.172413793	430	7.1232104629	0.985316984467
CS.177	47.46495	668.033898305	354	6.15596419519	0.956793205542
CS.147	58.42932	847.230769231	406	6.74398006229	0.977459303304
CS.129	56.6716	935.459459459	348	6.71868482096	0.981093965333
CS.268	59.68666	596.083333333	298	6.55616118203	0.977718859807
CS.385	65.50113	890.038461538	388	6.87889430286	0.982373892448
CS.148	47.5661	486.766666667	303	6.14357379957	0.970204786161
CS.389	53.36524	717.781818182	345	6.38418449585	0.97160360409
CS.181	64.41238	881.038461538	379	6.60629832305	0.973310318743
CS.178	67.57516	702.666666667	358	6.77081022645	0.977249829013
CS.256	57.61418	716.631578947	364	6.57085381868	0.974419530843
T.CS.046	61.19318	896.6875	381	6.59680931078	0.973229751708
T.CS.059	69.90013	526.411764706	316	6.58201432311	0.977206714762
T.CS.058	66.55328	897.37254902	381	6.65214767477	0.976433706722
T.CS.050	64.39068	879.222222222	383	6.47567975545	0.968356099327
T.CS.040	82.47706	1217.30434783	496	7.10084344328	0.98060577265
T.CS.035	76.21983	1083.65454545	438	7.05710720871	0.981128805132
T.CS.082	68.62443	973.185185185	406	6.64423600989	0.971670235206
T.CS.004	69.63832	1299.5	497	7.23067328989	0.984696836045
T.CS.072	85.50214	843.153846154	438	7.24228384431	0.983714353714
T.CS.024	65.71117	1028.5	406	6.75847969423	0.976613567184
T.CS.001	51.28516	791.918367347	361	6.26814834108	0.959664440476
T.CS.056	54.67527	866.294117647	327	6.30850200919	0.966642852212
T.CS.025	66.86535	1078.41176471	408	6.7995361445	0.98035971657
T.CS.067	58.81348	1082.875	415	6.37526497002	0.963068724334
T.CS.048	60.09315	1007	378	7.03084269579	0.985694125291
T.CS.117	62.96756	1080.01886792	410	6.52233215633	0.971533053497
T.CS.134	69.54457	928.512820513	456	6.67915939831	0.969938697196
T.CS.124	83.22163	896.25	408	7.08558195097	0.979719099766
T.CS.105	90.85852	720.303571429	386	7.05814609918	0.983396876046
T.CS.097	79.35565	1027.38356164	473	6.90584544245	0.973073843607
T.CS.120	73.60569	1351.02040816	460	7.04286832258	0.981471106157
T.CS.106	83.0265	801.554054054	430	6.87441342946	0.974452193154
T.CS.116	65.95387	635.9375	296	6.41060627964	0.969754917257
T.CS.121	77.30013	1093.88888889	451	7.26419737759	0.986044700769
T.CS.132	96.12883	922.630136986	479	7.25809727519	0.976359236651
T.CS.112	63.0913	1166.23404255	405	6.46998238807	0.970981713678
T.CS.091	85.16412	1180.25	494	7.30643276004	0.984324921191
T.CS.098	84.25026	984.278688525	445	7.09317344419	0.982979669453
T.CS.147	89.123	1253.72727273	553	7.66722871465	0.988291432306
T.CS.110	84.52998	1048.01587302	450	7.00845971088	0.979095902861
CS.238	66.18718	604	310	6.78334257858	0.982936990699
CS.356	35.34788	606.034482759	251	5.96774327889	0.970047136071
CS.088	40.29899	544.913043478	224	5.70294605883	0.957408127994
CS.242	73.69293	1106.54237288	435	6.62854487692	0.96826377386
CS.085	80.66386	677.960784314	376	7.1406687311	0.98487277703
CS.015	55.59772	709.317073171	312	5.93450621484	0.95455779694
CS.237	57.98729	597.757575758	277	5.98425714399	0.957877158788
CS.241	75.66734	726.2	368	6.85324627946	0.981113127223
CS.087	50.38845	781.75	295	5.78199966618	0.947000173546
CS.246	72.58829	1082.61111111	425	6.81818603639	0.977180149415
CS.082	89.14972	719	410	7.08168303188	0.980971155042
CS.006	60.00565	727.487179487	319	6.23407554922	0.959827752034
L.024.M1	56.79889	802.368421053	372	6.56552259482	0.975507403566
CS.110	51.46509	583.4	248	5.88367919275	0.961447802687
L.034.M1	70.75508	1058.01587302	460	7.21846032357	0.984031395885
CS.364	43.52221	580.181818182	319	6.22348126099	0.969224481317
CS.207	46.48063	583.27027027	269	5.94464040511	0.962924139168
CS.358	36.71331	589.146341463	275	5.4880058848	0.937236755378
CS.151	74.079	878.75	407	7.08866678888	0.983349842317
CS.336	62.30037	949.9	364	6.8173638144	0.982815922398
CS.150	66.94112	824.529411765	365	6.447622457	0.972313900492
CS.304	50.77043	666.95	295	6.06768128883	0.9621907614
CS.363	57.88742	679.428571429	352	6.70540903014	0.978099920108
CS.189	53.15177	700.923076923	297	6.12030120477	0.967521686142
CS.346	39.3207	472.666666667	209	5.35391085463	0.943672537245
CS.234	37.48329	452.083333333	258	5.59677968789	0.941445838593
CS.345.0	37.63155	386.217391304	171	4.81918383044	0.923613087483
CS.187	60.15305	960.222222222	375	6.40752613733	0.965895974022
CS.228	56.21136	460.108108108	254	6.01750865849	0.96295157551
CS.330	57.16872	860.245283019	389	6.71392196499	0.973972710421
CS.321	59.33279	1066.12244898	400	6.50523760779	0.971733817839
CS.331	69.81227	900.166666667	402	6.84844477802	0.980614047102
CS.339	42.78467	1062.26086957	298	5.93989961751	0.955460147734
CS.158	52.29032	487.75	237	6.1880105362	0.974004937235
CS.285	38.21263	564.869565217	217	5.70768438952	0.966143772092
CS.223	61.99983	848	386	6.74119286332	0.98001654455
CS.227	37.19008	544.565217391	213	5.53732353545	0.953009167875
CS.194	40.20467	712.2	330	6.10918845056	0.964248487027
CS.112	52.42753	423.823529412	241	5.87623492148	0.956752704276
CS.152	87.54165	1207.08196721	501	7.57518731551	0.989029600546
CS.343	44.51465	705.75	342	6.32668288632	0.966822277177
CS.320	58.78536	1218.48648649	384	6.76643098394	0.981705839303
CS.080	46.68489	562.387096774	253	6.1549317024	0.971206865879
CS.361	48.34804	846.65	329	6.0839114268	0.959404448476
CS.202	50.96405	914.645833333	366	6.07334563574	0.954360952076
CS.253	35.3477	452	193	5.19197465655	0.944494756501
CS.255	63.33195	817.3	386	6.79222140496	0.980752535303
CS.270	55.99204	780.738095238	335	6.42339109332	0.97373710628
CS.370	66.09111	965	421	6.862358157	0.978998786922
CS.262	54.74726	845.833333333	404	6.64796585148	0.975349753476
CS.393	55.79994	678.096774194	278	6.02509040176	0.963987188535
CS.390	56.30072	733.5	376	6.48283351825	0.970498311467
CS.145	76.54653	1125.64179104	474	7.01539840853	0.978578531847
CS.326	56.58978	797.32	350	6.40306491496	0.973306834763
T.CS.026	47.56452	644.87755102	327	6.29978642405	0.972353966261
T.CS.064	78.30626	1207.17808219	508	7.17147354262	0.977475852209
T.CS.008	57.31252	887.5	436	6.58064120084	0.956473114889
T.CS.061	64.21836	1020.47169811	419	6.95588355221	0.982369101976
TFS.021	74.06193	1249.06521739	589	7.7528956303	0.9875297472
TFS.020	74.43619	920	430	7.13757444011	0.984555299362
TFS.027	63.11404	821.0625	432	6.63983654244	0.971030053899
T.CS.031	69.59732	1055.25	450	7.10036882505	0.982170950619
TFS.022	85.35109	923.585365854	484	7.53049887882	0.988977776345
T.CS.036	73.66872	728.75	384	6.98749520503	0.980229067323
T.CS.055	68.59212	1196.28571429	433	6.76564831284	0.975867559988
T.CS.045	65.05925	893.169491525	403	6.35761728919	0.947492721204
T.CS.043	62.43045	1125.4	417	6.89697890561	0.97904407866
T.CS.049	50.15581	862.62	372	6.56196279248	0.974686055305
T.CS.066	82.80711	1037.33333333	448	7.01610680501	0.979691227927
T.CS.151	68.85297	1059.6557377	451	6.86014303146	0.976006919184
T.CS.141	57.93121	978.701754386	415	6.85157191148	0.979743487625
T.CS.152	71.33776	1121.63793103	453	6.84242072759	0.972753317457
T.CS.166	78.041	1034.08333333	472	7.11500391965	0.980617531082
T.CS.142	61.04052	1043.50847458	428	6.72773244955	0.977238506078
T.CS.095	81.92477	1068.01408451	494	7.4123257758	0.984782193553
T.CS.109	84.20443	1256.125	487	7.446466494	0.9877030752
T.CS.157	60.1959	897.659574468	371	6.57682651712	0.974680829335
T.CS.158	79.81069	1075.36842105	497	7.07137945874	0.977147922601
