PD_whole_tree	chao1	observed_otus	shannon	simpson
CS.007	65.82883	842.01754386	380	6.40182612807	0.962483415711
CS.104	66.29261	659.7	309	6.42033473396	0.970498311467
L.005.M1	70.963	1024.421875	457	7.01391595691	0.975874963445
CS.028	77.99057	596.826086957	334	6.79842140871	0.980433315645
L.002.M1	46.70484	668.773584906	330	6.04703378152	0.96279566741
CS.001	87.25172	715.595744681	369	7.09209359199	0.985096187241
CS.021	55.93926	1502.25	291	6.45316861598	0.975866253496
CS.295	60.26104	823.610169492	385	6.52059363954	0.969244078704
CS.098	78.16861	582.767857143	347	6.95380003971	0.984374132407
CS.199	53.85998	394.888888889	226	6.19163763512	0.97339045028
L.031.M1	85.97143	843.337837838	446	7.18369394995	0.982809389936
CS.257	71.43757	1174.38181818	454	6.94926444886	0.978245376269
CS.101	74.43904	775	340	6.82961558164	0.979415993515
L.022.M1	93.75942	990	476	7.53865164893	0.988110700848
CS.017	60.60506	613.25	302	5.71078691957	0.929080322939
CS.230	42.67571	561.027027027	271	5.86024907839	0.947471381827
CS.335	33.76463	576.27027027	262	5.69736265406	0.956336804176
CS.269	35.64252	530.875	244	5.63820648881	0.953633235775
CS.377	58.07419	711.72	345	6.72719928304	0.981058690037
CS.360	60.72465	880.1	414	7.09051462288	0.984522201553
CS.137	62.84043	551.246153846	338	6.61935329435	0.9750335823
CS.381	75.59578	1054.17021277	413	7.21553544724	0.987855499321
CS.040	61.12304	719	304	6.11328587049	0.962114984837
CS.153	75.75788	749.317073171	352	6.86003894222	0.982335133172
CS.290	49.11392	675	334	6.25015827634	0.95688030504
CS.064	69.91233	564.756756757	298	6.60108838627	0.979089805897
CS.122	66.96008	592.7	302	6.40043786684	0.97152390805
CS.117	61.416	617.6	281	6.28119277593	0.974535373175
CS.371.1	54.09516	958.701754386	395	6.39048846079	0.967608350142
CS.063	54.01978	440.222222222	238	6.04233026265	0.961222650486
CS.232	87.36415	833.12244898	398	7.12496767232	0.984138528267
CS.136	64.14091	552.825	299	6.56178134304	0.977852993033
CS.224	34.16981	560.84375	248	5.35862250666	0.923013407443
CS.302	37.88055	655.59375	268	5.84781774126	0.959819042084
CS.292	64.59762	598.068181818	298	6.23962856774	0.966922441599
CS.203	59.31398	919.344262295	405	6.38679076113	0.962855330565
CS.378	47.24715	569.085714286	279	6.46954394962	0.979322797052
CS.125	51.33107	765.220338983	368	6.42363013852	0.964026818806
CS.375	53.81888	1000.02040816	380	6.38446698704	0.97116331613
CS.128	70.82491	1293.68421053	475	7.10430674274	0.979665969072
CS.205	50.88079	888	402	6.5871287965	0.971146767226
CS.282	51.91179	1016.15789474	353	6.38992314933	0.972062182944
CS.041	50.89165	534.833333333	251	5.60514453667	0.932337408646
CS.213	43.6912	709.818181818	323	6.32848837632	0.970762222945
CS.126	72.30157	1211.87301587	476	7.0231210093	0.978482286902
CS.214	57.23535	744.666666667	346	6.29829327614	0.97100392405
CS.369	48.5155	451	271	5.76314234833	0.957610198829
CS.386	41.30146	534.125	279	5.56718084205	0.937366533629
CS.177	47.46495	668.033898305	354	6.15596419519	0.956793205542
CS.372	57.11989	722.566037736	362	6.75957425621	0.979794440831
CS.182	78.28983	838.180722892	448	7.10242456785	0.983314567021
CS.323	72.60433	997.172413793	430	7.1232104629	0.985316984467
CS.268	59.68666	596.083333333	298	6.55616118203	0.977718859807
CS.348	64.66566	918.294117647	333	6.50149004386	0.97650164433
CS.147	58.42932	847.230769231	406	6.74398006229	0.977459303304
CS.385	65.50113	890.038461538	388	6.87889430286	0.982373892448
CS.254	62.16516	754.75	389	6.85870674223	0.977434915445
CS.148	47.5661	486.766666667	303	6.14357379957	0.970204786161
CS.183	49.17559	583.914893617	303	5.98932294483	0.956720477462
CS.129	56.6716	935.459459459	348	6.71868482096	0.981093965333
T.CS.048	60.09315	1007	378	7.03084269579	0.985694125291
TFS.023	59.44978	914.118644068	395	6.78833076827	0.980861409675
T.CS.076	76.56586	892.720588235	435	7.24970832703	0.987209656547
T.CS.007	48.22489	745.765957447	335	6.23828935331	0.967427618684
T.CS.072	85.50214	843.153846154	438	7.24228384431	0.983714353714
T.CS.019	51.89856	844	329	6.03312979281	0.962033982304
T.CS.016	64.4371	1012.55813953	384	6.9380758968	0.984133737794
T.CS.034	72.15467	902.789473684	446	6.75874115741	0.972982824632
T.CS.062	71.71145	1043.19565217	404	6.73537592434	0.969595525176
T.CS.020	80.23638	974.651162791	399	7.21685119092	0.986980149371
T.CS.059	69.90013	526.411764706	316	6.58201432311	0.977206714762
TFS.024	57.08813	893.622222222	368	6.64555195495	0.97649990234
T.CS.003	71.68788	1045.52941176	467	7.03553985188	0.977866928952
T.CS.024	65.71117	1028.5	406	6.75847969423	0.976613567184
T.CS.025	66.86535	1078.41176471	408	6.7995361445	0.98035971657
T.CS.108	89.05924	970.538461538	419	7.15242853132	0.985449375703
T.CS.130	78.76038	1044.78846154	422	7.04628516855	0.983254903865
T.CS.125	69.24193	1161.109375	465	6.79783827372	0.974414304873
T.CS.134	69.54457	928.512820513	456	6.67915939831	0.969938697196
T.CS.117	62.96756	1080.01886792	410	6.52233215633	0.971533053497
T.CS.147	89.123	1253.72727273	553	7.66722871465	0.988291432306
T.CS.110	84.52998	1048.01587302	450	7.00845971088	0.979095902861
T.CS.100	87.11607	828.518518519	426	7.47301869175	0.988512665029
T.CS.129	84.34811	848	410	6.95106771073	0.977169261978
T.CS.102	79.21437	1029.43589744	481	6.92900697563	0.975910674239
T.CS.106	83.0265	801.554054054	430	6.87441342946	0.974452193154
T.CS.111	64.07223	1353.78181818	466	6.74258506348	0.974117731084
T.CS.132	96.12883	922.630136986	479	7.25809727519	0.976359236651
T.CS.144	74.32503	977.3	446	7.07943433156	0.978432640188
T.CS.161	92.08494	1140.5	466	7.32759871853	0.986926147683
CS.088	40.29899	544.913043478	224	5.70294605883	0.957408127994
CS.006	60.00565	727.487179487	319	6.23407554922	0.959827752034
CS.087	50.38845	781.75	295	5.78199966618	0.947000173546
L.024.M1	56.79889	802.368421053	372	6.56552259482	0.975507403566
CS.356	35.34788	606.034482759	251	5.96774327889	0.970047136071
CS.238	66.18718	604	310	6.78334257858	0.982936990699
L.034.M1	70.75508	1058.01587302	460	7.21846032357	0.984031395885
CS.246	72.58829	1082.61111111	425	6.81818603639	0.977180149415
CS.082	89.14972	719	410	7.08168303188	0.980971155042
CS.237	57.98729	597.757575758	277	5.98425714399	0.957877158788
CS.085	80.66386	677.960784314	376	7.1406687311	0.98487277703
CS.015	55.59772	709.317073171	312	5.93450621484	0.95455779694
CS.110	51.46509	583.4	248	5.88367919275	0.961447802687
CS.241	75.66734	726.2	368	6.85324627946	0.981113127223
CS.242	73.69293	1106.54237288	435	6.62854487692	0.96826377386
CS.364	43.52221	580.181818182	319	6.22348126099	0.969224481317
CS.113	52.11911	711.1	271	5.87817746828	0.959037759592
CS.233	64.39509	465.069767442	264	6.00055573421	0.962936333098
CS.187	60.15305	960.222222222	375	6.40752613733	0.965895974022
CS.189	53.15177	700.923076923	297	6.12030120477	0.967521686142
CS.212	51.51703	783.568965517	372	6.52368319866	0.972152330924
CS.150	66.94112	824.529411765	365	6.447622457	0.972313900492
CS.191	74.677	1144.9	440	7.05419639048	0.979959494379
CS.207	46.48063	583.27027027	269	5.94464040511	0.962924139168
CS.336	62.30037	949.9	364	6.8173638144	0.982815922398
CS.044	53.45441	782.576923077	281	6.27449230745	0.972251624351
CS.330	57.16872	860.245283019	389	6.71392196499	0.973972710421
CS.325	33.53254	593.5625	249	5.50557691382	0.947953477545
CS.308.0	46.10123	522.451612903	235	5.26081522864	0.933720548666
CS.164	34.23974	265.1875	127	4.474847785	0.918791259304
CS.319	53.9492	753.385964912	361	6.3871986511	0.967597462705
CS.339	42.78467	1062.26086957	298	5.93989961751	0.955460147734
CS.331	69.81227	900.166666667	402	6.84844477802	0.980614047102
CS.112	52.42753	423.823529412	241	5.87623492148	0.956752704276
CS.080	46.68489	562.387096774	253	6.1549317024	0.971206865879
CS.285	38.21263	564.869565217	217	5.70768438952	0.966143772092
CS.158	52.29032	487.75	237	6.1880105362	0.974004937235
CS.223	61.99983	848	386	6.74119286332	0.98001654455
CS.321	59.33279	1066.12244898	400	6.50523760779	0.971733817839
CS.318	51.06444	945.837209302	365	6.64404594304	0.975062760632
CS.343	44.51465	705.75	342	6.32668288632	0.966822277177
CS.320	58.78536	1218.48648649	384	6.76643098394	0.981705839303
CS.361	48.34804	846.65	329	6.0839114268	0.959404448476
CS.163	48.48348	482.724137931	224	5.61125977418	0.957438177321
CS.202	50.96405	914.645833333	366	6.07334563574	0.954360952076
CS.145	76.54653	1125.64179104	474	7.01539840853	0.978578531847
CS.370	66.09111	965	421	6.862358157	0.978998786922
CS.253	35.3477	452	193	5.19197465655	0.944494756501
CS.326	56.58978	797.32	350	6.40306491496	0.973306834763
CS.262	54.74726	845.833333333	404	6.64796585148	0.975349753476
CS.270	55.99204	780.738095238	335	6.42339109332	0.97373710628
CS.390	56.30072	733.5	376	6.48283351825	0.970498311467
CS.255	63.33195	817.3	386	6.79222140496	0.980752535303
CS.393	55.79994	678.096774194	278	6.02509040176	0.963987188535
TFS.021	74.06193	1249.06521739	589	7.7528956303	0.9875297472
T.CS.031	69.59732	1055.25	450	7.10036882505	0.982170950619
T.CS.061	64.21836	1020.47169811	419	6.95588355221	0.982369101976
T.CS.036	73.66872	728.75	384	6.98749520503	0.980229067323
TFS.027	63.11404	821.0625	432	6.63983654244	0.971030053899
T.CS.008	57.31252	887.5	436	6.58064120084	0.956473114889
T.CS.049	50.15581	862.62	372	6.56196279248	0.974686055305
TFS.020	74.43619	920	430	7.13757444011	0.984555299362
TFS.025	55.15351	777.637931034	381	6.71581603945	0.976676278822
T.CS.045	65.05925	893.169491525	403	6.35761728919	0.947492721204
T.CS.064	78.30626	1207.17808219	508	7.17147354262	0.977475852209
T.CS.043	62.43045	1125.4	417	6.89697890561	0.97904407866
TFS.022	85.35109	923.585365854	484	7.53049887882	0.988977776345
T.CS.026	47.56452	644.87755102	327	6.29978642405	0.972353966261
T.CS.055	68.59212	1196.28571429	433	6.76564831284	0.975867559988
T.CS.109	84.20443	1256.125	487	7.446466494	0.9877030752
T.CS.166	78.041	1034.08333333	472	7.11500391965	0.980617531082
T.CS.152	71.33776	1121.63793103	453	6.84242072759	0.972753317457
T.CS.142	61.04052	1043.50847458	428	6.72773244955	0.977238506078
T.CS.158	79.81069	1075.36842105	497	7.07137945874	0.977147922601
T.CS.141	57.93121	978.701754386	415	6.85157191148	0.979743487625
T.CS.151	68.85297	1059.6557377	451	6.86014303146	0.976006919184
T.CS.095	81.92477	1068.01408451	494	7.4123257758	0.984782193553
T.CS.157	60.1959	897.659574468	371	6.57682651712	0.974680829335
