PD_whole_tree	chao1	observed_otus	shannon	simpson
CS.035	65.71162	685.135135135	315	6.36193399321	0.965595480755
CS.219	71.51617	504.9375	308	6.37588193349	0.967133222383
CS.143	67.21222	576.972972973	314	6.6797843935	0.974841527908
CS.092	84.14307	598.659574468	348	6.99543580558	0.983021041714
CS.037	47.27508	483	241	5.91222752467	0.964095191912
CS.105	69.69049	700.127659574	338	6.35411311319	0.961236586405
CS.086	76.85528	752.487179487	344	6.6584794928	0.974132537999
CS.098	78.16861	582.767857143	347	6.95380003971	0.984374132407
L.004.M1	81.8203	1116.825	522	7.54829133652	0.987306336989
L.036.M1	71.89136	945.529411765	411	6.99718833886	0.97921914865
CS.295	60.26104	823.610169492	385	6.52059363954	0.969244078704
CS.296	75.7059	1219.23809524	493	7.25488836903	0.983416473433
CS.021	55.93926	1502.25	291	6.45316861598	0.975866253496
CS.002	67.60068	474	288	6.56685328249	0.977021192832
CS.101	74.43904	775	340	6.82961558164	0.979415993515
CS.067	35.34234	309.882352941	151	5.12352270866	0.944192956743
CS.155	67.7537	843.1	408	7.22611250408	0.987524956728
CS.341	52.44954	789.288461538	351	6.25779382049	0.963905750505
CS.050	42.19777	394.058823529	189	5.91222707649	0.968157076976
CS.063	54.01978	440.222222222	238	6.04233026265	0.961222650486
CS.060	55.22339	626.913043478	251	6.1521974145	0.973900853336
CS.230	42.67571	561.027027027	271	5.86024907839	0.947471381827
CS.269	35.64252	530.875	244	5.63820648881	0.953633235775
CS.072	85.78439	1171.27083333	437	7.02835033787	0.981414491484
CS.171	62.12473	644.375	302	6.02866622131	0.944641083657
CS.290	49.11392	675	334	6.25015827634	0.95688030504
CS.366	41.97411	784.2	321	6.0310979711	0.957813140658
CS.388	41.60466	649.9	295	6.18997178471	0.971357983507
CS.118	58.82064	683.090909091	283	5.9547534053	0.959999338044
CS.073	58.90019	688.571428571	302	6.52426661077	0.979663356087
CS.128	70.82491	1293.68421053	475	7.10430674274	0.979665969072
CS.136	64.14091	552.825	299	6.56178134304	0.977852993033
CS.224	34.16981	560.84375	248	5.35862250666	0.923013407443
CS.125	51.33107	765.220338983	368	6.42363013852	0.964026818806
CS.374	55.49643	923.660377358	378	6.69097223461	0.980555254941
CS.205	50.88079	888	402	6.5871287965	0.971146767226
CS.041	50.89165	534.833333333	251	5.60514453667	0.932337408646
CS.376	55.0281	929.346938776	373	6.415152378	0.968378309699
CS.380	73.08874	1110.59649123	464	7.29262079238	0.984911100809
CS.302	37.88055	655.59375	268	5.84781774126	0.959819042084
CS.232	87.36415	833.12244898	398	7.12496767232	0.984138528267
CS.203	59.31398	919.344262295	405	6.38679076113	0.962855330565
CS.378	47.24715	569.085714286	279	6.46954394962	0.979322797052
CS.213	43.6912	709.818181818	323	6.32848837632	0.970762222945
CS.126	72.30157	1211.87301587	476	7.0231210093	0.978482286902
CS.166	66.26063	928.5	376	6.78491363107	0.979089805897
CS.254	62.16516	754.75	389	6.85870674223	0.977434915445
CS.181	64.41238	881.038461538	379	6.60629832305	0.973310318743
CS.148	47.5661	486.766666667	303	6.14357379957	0.970204786161
CS.177	47.46495	668.033898305	354	6.15596419519	0.956793205542
CS.268	59.68666	596.083333333	298	6.55616118203	0.977718859807
CS.178	67.57516	702.666666667	358	6.77081022645	0.977249829013
CS.256	57.61418	716.631578947	364	6.57085381868	0.974419530843
CS.372	57.11989	722.566037736	362	6.75957425621	0.979794440831
CS.385	65.50113	890.038461538	388	6.87889430286	0.982373892448
CS.389	53.36524	717.781818182	345	6.38418449585	0.97160360409
CS.129	56.6716	935.459459459	348	6.71868482096	0.981093965333
CS.395	68.90364	852.01754386	402	7.00537435368	0.984435537553
CS.214	57.23535	744.666666667	346	6.29829327614	0.97100392405
CS.369	48.5155	451	271	5.76314234833	0.957610198829
T.CS.079	53.03933	636.966666667	344	6.60273114939	0.978379509495
T.CS.076	76.56586	892.720588235	435	7.24970832703	0.987209656547
T.CS.062	71.71145	1043.19565217	404	6.73537592434	0.969595525176
T.CS.003	71.68788	1045.52941176	467	7.03553985188	0.977866928952
T.CS.072	85.50214	843.153846154	438	7.24228384431	0.983714353714
T.CS.058	66.55328	897.37254902	381	6.65214767477	0.976433706722
T.CS.001	51.28516	791.918367347	361	6.26814834108	0.959664440476
T.CS.040	82.47706	1217.30434783	496	7.10084344328	0.98060577265
T.CS.080	61.42408	798.571428571	395	6.7836253576	0.977380042761
T.CS.020	80.23638	974.651162791	399	7.21685119092	0.986980149371
T.CS.012	50.08713	839.019230769	363	6.65453843847	0.980076207705
T.CS.014	67.02432	855.022222222	372	6.6680817653	0.97373536429
T.CS.046	61.19318	896.6875	381	6.59680931078	0.973229751708
T.CS.038	89.12644	689.542372881	382	7.04704559662	0.983397311543
T.CS.089	70.10242	889.05	419	6.78507802949	0.970583233477
T.CS.097	79.35565	1027.38356164	473	6.90584544245	0.973073843607
T.CS.128	86.10473	1189.06976744	430	7.01123743532	0.977528982902
T.CS.121	77.30013	1093.88888889	451	7.26419737759	0.986044700769
T.CS.119	93.59639	864.126760563	450	7.2913131846	0.985620961713
T.CS.161	92.08494	1140.5	466	7.32759871853	0.986926147683
T.CS.134	69.54457	928.512820513	456	6.67915939831	0.969938697196
T.CS.147	89.123	1253.72727273	553	7.66722871465	0.988291432306
T.CS.115	92.23456	870.467741935	427	7.149093667	0.984338421613
T.CS.092	87.55825	790.051724138	426	7.29315841023	0.976431529234
T.CS.114	84.63574	712.080645161	407	6.91773303372	0.968194965257
T.CS.100	87.11607	828.518518519	426	7.47301869175	0.988512665029
T.CS.118	71.5671	1012.68181818	446	7.07536981456	0.9835954629
T.CS.139	82.92212	1050.20547945	488	7.27250025817	0.98383977699
T.CS.106	83.0265	801.554054054	430	6.87441342946	0.974452193154
T.CS.153	94.78263	798.096385542	464	7.22965710182	0.981313891564
CS.241	75.66734	726.2	368	6.85324627946	0.981113127223
CS.110	51.46509	583.4	248	5.88367919275	0.961447802687
CS.088	40.29899	544.913043478	224	5.70294605883	0.957408127994
CS.237	57.98729	597.757575758	277	5.98425714399	0.957877158788
CS.242	73.69293	1106.54237288	435	6.62854487692	0.96826377386
CS.085	80.66386	677.960784314	376	7.1406687311	0.98487277703
CS.015	55.59772	709.317073171	312	5.93450621484	0.95455779694
CS.087	50.38845	781.75	295	5.78199966618	0.947000173546
CS.103	70.81369	545.630434783	328	6.92782641686	0.982591205694
L.034.M1	70.75508	1058.01587302	460	7.21846032357	0.984031395885
CS.082	89.14972	719	410	7.08168303188	0.980971155042
CS.238	66.18718	604	310	6.78334257858	0.982936990699
L.024.M1	56.79889	802.368421053	372	6.56552259482	0.975507403566
CS.246	72.58829	1082.61111111	425	6.81818603639	0.977180149415
CS.356	35.34788	606.034482759	251	5.96774327889	0.970047136071
CS.212	51.51703	783.568965517	372	6.52368319866	0.972152330924
CS.363	57.88742	679.428571429	352	6.70540903014	0.978099920108
CS.044	53.45441	782.576923077	281	6.27449230745	0.972251624351
CS.346	39.3207	472.666666667	209	5.35391085463	0.943672537245
CS.191	74.677	1144.9	440	7.05419639048	0.979959494379
CS.233	64.39509	465.069767442	264	6.00055573421	0.962936333098
CS.207	46.48063	583.27027027	269	5.94464040511	0.962924139168
CS.187	60.15305	960.222222222	375	6.40752613733	0.965895974022
CS.234	37.48329	452.083333333	258	5.59677968789	0.941445838593
CS.164	34.23974	265.1875	127	4.474847785	0.918791259304
CS.188	59.07432	1038.67164179	464	6.99794933946	0.97794009253
CS.330	57.16872	860.245283019	389	6.71392196499	0.973972710421
CS.165	47.92018	880.625	275	6.05074099901	0.969080767146
CS.325	33.53254	593.5625	249	5.50557691382	0.947953477545
CS.364	43.52221	580.181818182	319	6.22348126099	0.969224481317
CS.322	49.82949	778.019230769	356	6.5752519076	0.977547273797
CS.339	42.78467	1062.26086957	298	5.93989961751	0.955460147734
CS.152	87.54165	1207.08196721	501	7.57518731551	0.989029600546
CS.112	52.42753	423.823529412	241	5.87623492148	0.956752704276
CS.223	61.99983	848	386	6.74119286332	0.98001654455
CS.163	48.48348	482.724137931	224	5.61125977418	0.957438177321
CS.158	52.29032	487.75	237	6.1880105362	0.974004937235
CS.321	59.33279	1066.12244898	400	6.50523760779	0.971733817839
CS.320	58.78536	1218.48648649	384	6.76643098394	0.981705839303
CS.080	46.68489	562.387096774	253	6.1549317024	0.971206865879
CS.318	51.06444	945.837209302	365	6.64404594304	0.975062760632
CS.319	53.9492	753.385964912	361	6.3871986511	0.967597462705
CS.331	69.81227	900.166666667	402	6.84844477802	0.980614047102
CS.227	37.19008	544.565217391	213	5.53732353545	0.953009167875
CS.194	40.20467	712.2	330	6.10918845056	0.964248487027
CS.390	56.30072	733.5	376	6.48283351825	0.970498311467
CS.326	56.58978	797.32	350	6.40306491496	0.973306834763
CS.393	55.79994	678.096774194	278	6.02509040176	0.963987188535
CS.262	54.74726	845.833333333	404	6.64796585148	0.975349753476
CS.370	66.09111	965	421	6.862358157	0.978998786922
CS.145	76.54653	1125.64179104	474	7.01539840853	0.978578531847
CS.270	55.99204	780.738095238	335	6.42339109332	0.97373710628
CS.255	63.33195	817.3	386	6.79222140496	0.980752535303
CS.253	35.3477	452	193	5.19197465655	0.944494756501
T.CS.026	47.56452	644.87755102	327	6.29978642405	0.972353966261
T.CS.045	65.05925	893.169491525	403	6.35761728919	0.947492721204
T.CS.064	78.30626	1207.17808219	508	7.17147354262	0.977475852209
TFS.021	74.06193	1249.06521739	589	7.7528956303	0.9875297472
T.CS.036	73.66872	728.75	384	6.98749520503	0.980229067323
T.CS.008	57.31252	887.5	436	6.58064120084	0.956473114889
T.CS.055	68.59212	1196.28571429	433	6.76564831284	0.975867559988
T.CS.043	62.43045	1125.4	417	6.89697890561	0.97904407866
T.CS.031	69.59732	1055.25	450	7.10036882505	0.982170950619
TFS.022	85.35109	923.585365854	484	7.53049887882	0.988977776345
T.CS.061	64.21836	1020.47169811	419	6.95588355221	0.982369101976
TFS.020	74.43619	920	430	7.13757444011	0.984555299362
TFS.027	63.11404	821.0625	432	6.63983654244	0.971030053899
T.CS.066	82.80711	1037.33333333	448	7.01610680501	0.979691227927
TFS.025	55.15351	777.637931034	381	6.71581603945	0.976676278822
T.CS.095	81.92477	1068.01408451	494	7.4123257758	0.984782193553
T.CS.166	78.041	1034.08333333	472	7.11500391965	0.980617531082
T.CS.142	61.04052	1043.50847458	428	6.72773244955	0.977238506078
T.CS.152	71.33776	1121.63793103	453	6.84242072759	0.972753317457
T.CS.158	79.81069	1075.36842105	497	7.07137945874	0.977147922601
T.CS.157	60.1959	897.659574468	371	6.57682651712	0.974680829335
T.CS.151	68.85297	1059.6557377	451	6.86014303146	0.976006919184
T.CS.109	84.20443	1256.125	487	7.446466494	0.9877030752
T.CS.141	57.93121	978.701754386	415	6.85157191148	0.979743487625
