PD_whole_tree	chao1	observed_otus	shannon	simpson
CS.199	53.85998	394.888888889	226	6.19163763512	0.97339045028
CS.091	55.72078	684.24	255	6.066246071	0.972315642482
L.031.M1	85.97143	843.337837838	446	7.18369394995	0.982809389936
CS.277	69.93513	1059.56	422	6.99826226099	0.981864795886
CS.280	83.39063	1210.08064516	477	7.04841912914	0.979812731725
L.006.M1	65.54753	661.270833333	362	7.24298862949	0.987928227401
CS.297	67.1433	1048.953125	443	6.77684726875	0.975110229858
CS.104	66.29261	659.7	309	6.42033473396	0.970498311467
CS.257	71.43757	1174.38181818	454	6.94926444886	0.978245376269
CS.259	67.26999	1096.18181818	431	6.84496970515	0.975942465556
CS.357	64.97559	1038.96875	446	6.73440810114	0.973225396733
CS.086	76.85528	752.487179487	344	6.6584794928	0.974132537999
CS.093	77.93923	608.101694915	353	6.83245033616	0.97778766841
L.033.M1	62.57073	1082.625	468	6.966635126	0.980184211082
CS.019	60.53423	750.527777778	308	6.20863252641	0.963951477741
CS.248	72.61941	781.153846154	340	6.86956514619	0.98420907886
CS.118	58.82064	683.090909091	283	5.9547534053	0.959999338044
CS.371.1	54.09516	958.701754386	395	6.39048846079	0.967608350142
CS.186	84.44578	925.430769231	435	7.02103401701	0.98178422885
CS.056	56.12641	668.625	269	6.37092230781	0.974595907325
CS.230	42.67571	561.027027027	271	5.86024907839	0.947471381827
CS.381	75.59578	1054.17021277	413	7.21553544724	0.987855499321
CS.062	63.05917	793.777777778	321	6.3955299512	0.970645074121
CS.042	50.70491	1049.64705882	273	6.18995964707	0.973014615949
CS.072	85.78439	1171.27083333	437	7.02835033787	0.981414491484
CS.050	42.19777	394.058823529	189	5.91222707649	0.968157076976
CS.040	61.12304	719	304	6.11328587049	0.962114984837
CS.171	62.12473	644.375	302	6.02866622131	0.944641083657
CS.388	41.60466	649.9	295	6.18997178471	0.971357983507
CS.060	55.22339	626.913043478	251	6.1521974145	0.973900853336
CS.205	50.88079	888	402	6.5871287965	0.971146767226
CS.224	34.16981	560.84375	248	5.35862250666	0.923013407443
CS.375	53.81888	1000.02040816	380	6.38446698704	0.97116331613
CS.232	87.36415	833.12244898	398	7.12496767232	0.984138528267
CS.380	73.08874	1110.59649123	464	7.29262079238	0.984911100809
CS.128	70.82491	1293.68421053	475	7.10430674274	0.979665969072
CS.376	55.0281	929.346938776	373	6.415152378	0.968378309699
CS.378	47.24715	569.085714286	279	6.46954394962	0.979322797052
CS.213	43.6912	709.818181818	323	6.32848837632	0.970762222945
CS.203	59.31398	919.344262295	405	6.38679076113	0.962855330565
CS.236	46.20137	433.166666667	210	5.55428021609	0.95268254476
CS.374	55.49643	923.660377358	378	6.69097223461	0.980555254941
CS.126	72.30157	1211.87301587	476	7.0231210093	0.978482286902
CS.125	51.33107	765.220338983	368	6.42363013852	0.964026818806
CS.302	37.88055	655.59375	268	5.84781774126	0.959819042084
CS.372	57.11989	722.566037736	362	6.75957425621	0.979794440831
CS.386	41.30146	534.125	279	5.56718084205	0.937366533629
CS.395	68.90364	852.01754386	402	7.00537435368	0.984435537553
CS.214	57.23535	744.666666667	346	6.29829327614	0.97100392405
CS.177	47.46495	668.033898305	354	6.15596419519	0.956793205542
CS.254	62.16516	754.75	389	6.85870674223	0.977434915445
CS.268	59.68666	596.083333333	298	6.55616118203	0.977718859807
CS.348	64.66566	918.294117647	333	6.50149004386	0.97650164433
CS.369	48.5155	451	271	5.76314234833	0.957610198829
CS.147	58.42932	847.230769231	406	6.74398006229	0.977459303304
CS.166	66.26063	928.5	376	6.78491363107	0.979089805897
CS.323	72.60433	997.172413793	430	7.1232104629	0.985316984467
CS.349	74.49299	795.6	429	7.02620693026	0.980594885213
CS.178	67.57516	702.666666667	358	6.77081022645	0.977249829013
CS.389	53.36524	717.781818182	345	6.38418449585	0.97160360409
T.CS.041	72.69004	1195.2	449	6.88680315381	0.974470048551
T.CS.085	67.32207	1189.93617021	423	6.75640819582	0.974365964652
T.CS.050	64.39068	879.222222222	383	6.47567975545	0.968356099327
T.CS.057	48.4391	795.558139535	342	6.58019024863	0.978455721555
T.CS.067	58.81348	1082.875	415	6.37526497002	0.963068724334
T.CS.058	66.55328	897.37254902	381	6.65214767477	0.976433706722
T.CS.029	80.9126	789.4	412	6.94437874091	0.976970239626
T.CS.080	61.42408	798.571428571	395	6.7836253576	0.977380042761
T.CS.034	72.15467	902.789473684	446	6.75874115741	0.972982824632
T.CS.072	85.50214	843.153846154	438	7.24228384431	0.983714353714
T.CS.046	61.19318	896.6875	381	6.59680931078	0.973229751708
T.CS.025	66.86535	1078.41176471	408	6.7995361445	0.98035971657
T.CS.071	75.36113	1266.04761905	491	6.97095459806	0.97511153635
T.CS.082	68.62443	973.185185185	406	6.64423600989	0.971670235206
T.CS.079	53.03933	636.966666667	344	6.60273114939	0.978379509495
T.CS.098	84.25026	984.278688525	445	7.09317344419	0.982979669453
T.CS.115	92.23456	870.467741935	427	7.149093667	0.984338421613
T.CS.153	94.78263	798.096385542	464	7.22965710182	0.981313891564
T.CS.180	72.78055	767.058823529	369	6.82958906007	0.981354828328
T.CS.130	78.76038	1044.78846154	422	7.04628516855	0.983254903865
T.CS.107	72.61591	1235.55223881	488	6.97809999867	0.978147824832
T.CS.114	84.63574	712.080645161	407	6.91773303372	0.968194965257
T.CS.117	62.96756	1080.01886792	410	6.52233215633	0.971533053497
T.CS.160	103.14494	1108.52173913	497	7.50177328134	0.988042327743
T.CS.106	83.0265	801.554054054	430	6.87441342946	0.974452193154
T.CS.129	84.34811	848	410	6.95106771073	0.977169261978
T.CS.159	95.15364	926.833333333	422	7.15131294291	0.983327631945
T.CS.104	88.68259	1167.47457627	467	6.90910636658	0.974018873155
T.CS.100	87.11607	828.518518519	426	7.47301869175	0.988512665029
T.CS.156	69.50112	1160	445	6.79265970547	0.973552455346
CS.087	50.38845	781.75	295	5.78199966618	0.947000173546
L.024.M1	56.79889	802.368421053	372	6.56552259482	0.975507403566
L.034.M1	70.75508	1058.01587302	460	7.21846032357	0.984031395885
CS.082	89.14972	719	410	7.08168303188	0.980971155042
CS.237	57.98729	597.757575758	277	5.98425714399	0.957877158788
CS.015	55.59772	709.317073171	312	5.93450621484	0.95455779694
CS.103	70.81369	545.630434783	328	6.92782641686	0.982591205694
CS.085	80.66386	677.960784314	376	7.1406687311	0.98487277703
CS.110	51.46509	583.4	248	5.88367919275	0.961447802687
CS.238	66.18718	604	310	6.78334257858	0.982936990699
CS.088	40.29899	544.913043478	224	5.70294605883	0.957408127994
CS.241	75.66734	726.2	368	6.85324627946	0.981113127223
CS.246	72.58829	1082.61111111	425	6.81818603639	0.977180149415
CS.356	35.34788	606.034482759	251	5.96774327889	0.970047136071
CS.006	60.00565	727.487179487	319	6.23407554922	0.959827752034
CS.113	52.11911	711.1	271	5.87817746828	0.959037759592
CS.387	64.93147	915.957746479	427	6.94966765719	0.982711838498
CS.164	34.23974	265.1875	127	4.474847785	0.918791259304
CS.191	74.677	1144.9	440	7.05419639048	0.979959494379
CS.363	57.88742	679.428571429	352	6.70540903014	0.978099920108
CS.308.0	46.10123	522.451612903	235	5.26081522864	0.933720548666
CS.338	59.59067	761.9	341	6.63836859261	0.977309056671
CS.234	37.48329	452.083333333	258	5.59677968789	0.941445838593
CS.304	50.77043	666.95	295	6.06768128883	0.9621907614
CS.364	43.52221	580.181818182	319	6.22348126099	0.969224481317
CS.207	46.48063	583.27027027	269	5.94464040511	0.962924139168
CS.311	57.14124	699.871794872	305	6.28005565622	0.971325756693
CS.187	60.15305	960.222222222	375	6.40752613733	0.965895974022
CS.274	52.58266	803.725806452	390	6.69418497968	0.973216686783
CS.347.0	43.29714	470.034482759	232	6.06462280369	0.969047669337
CS.227	37.19008	544.565217391	213	5.53732353545	0.953009167875
CS.318	51.06444	945.837209302	365	6.64404594304	0.975062760632
CS.080	46.68489	562.387096774	253	6.1549317024	0.971206865879
CS.152	87.54165	1207.08196721	501	7.57518731551	0.989029600546
CS.343	44.51465	705.75	342	6.32668288632	0.966822277177
CS.202	50.96405	914.645833333	366	6.07334563574	0.954360952076
CS.158	52.29032	487.75	237	6.1880105362	0.974004937235
CS.361	48.34804	846.65	329	6.0839114268	0.959404448476
CS.194	40.20467	712.2	330	6.10918845056	0.964248487027
CS.223	61.99983	848	386	6.74119286332	0.98001654455
CS.112	52.42753	423.823529412	241	5.87623492148	0.956752704276
CS.322	49.82949	778.019230769	356	6.5752519076	0.977547273797
CS.319	53.9492	753.385964912	361	6.3871986511	0.967597462705
CS.320	58.78536	1218.48648649	384	6.76643098394	0.981705839303
CS.321	59.33279	1066.12244898	400	6.50523760779	0.971733817839
CS.390	56.30072	733.5	376	6.48283351825	0.970498311467
CS.145	76.54653	1125.64179104	474	7.01539840853	0.978578531847
CS.370	66.09111	965	421	6.862358157	0.978998786922
CS.255	63.33195	817.3	386	6.79222140496	0.980752535303
CS.326	56.58978	797.32	350	6.40306491496	0.973306834763
CS.262	54.74726	845.833333333	404	6.64796585148	0.975349753476
CS.393	55.79994	678.096774194	278	6.02509040176	0.963987188535
CS.253	35.3477	452	193	5.19197465655	0.944494756501
CS.270	55.99204	780.738095238	335	6.42339109332	0.97373710628
T.CS.036	73.66872	728.75	384	6.98749520503	0.980229067323
T.CS.049	50.15581	862.62	372	6.56196279248	0.974686055305
T.CS.064	78.30626	1207.17808219	508	7.17147354262	0.977475852209
T.CS.055	68.59212	1196.28571429	433	6.76564831284	0.975867559988
T.CS.066	82.80711	1037.33333333	448	7.01610680501	0.979691227927
T.CS.031	69.59732	1055.25	450	7.10036882505	0.982170950619
T.CS.026	47.56452	644.87755102	327	6.29978642405	0.972353966261
T.CS.043	62.43045	1125.4	417	6.89697890561	0.97904407866
T.CS.061	64.21836	1020.47169811	419	6.95588355221	0.982369101976
T.CS.008	57.31252	887.5	436	6.58064120084	0.956473114889
TFS.020	74.43619	920	430	7.13757444011	0.984555299362
TFS.027	63.11404	821.0625	432	6.63983654244	0.971030053899
T.CS.045	65.05925	893.169491525	403	6.35761728919	0.947492721204
TFS.025	55.15351	777.637931034	381	6.71581603945	0.976676278822
TFS.021	74.06193	1249.06521739	589	7.7528956303	0.9875297472
T.CS.109	84.20443	1256.125	487	7.446466494	0.9877030752
T.CS.157	60.1959	897.659574468	371	6.57682651712	0.974680829335
T.CS.151	68.85297	1059.6557377	451	6.86014303146	0.976006919184
T.CS.166	78.041	1034.08333333	472	7.11500391965	0.980617531082
T.CS.142	61.04052	1043.50847458	428	6.72773244955	0.977238506078
T.CS.152	71.33776	1121.63793103	453	6.84242072759	0.972753317457
T.CS.158	79.81069	1075.36842105	497	7.07137945874	0.977147922601
T.CS.095	81.92477	1068.01408451	494	7.4123257758	0.984782193553
T.CS.141	57.93121	978.701754386	415	6.85157191148	0.979743487625
