PD_whole_tree	chao1	observed_otus	shannon	simpson
CS.199	53.85998	394.888888889	226	6.19163763512	0.97339045028
L.012.M1	65.23339	965.32	406	7.06225621307	0.984788726015
CS.091	55.72078	684.24	255	6.066246071	0.972315642482
CS.295	60.26104	823.610169492	385	6.52059363954	0.969244078704
L.004.M1	81.8203	1116.825	522	7.54829133652	0.987306336989
CS.243	59.8319	635.375	338	6.42809629799	0.96690327971
CS.263	67.48583	864.714285714	355	6.24074837262	0.965915571409
CS.106	71.28009	559.5	324	6.50326337233	0.973281575909
CS.007	65.82883	842.01754386	380	6.40182612807	0.962483415711
CS.174	83.72935	1166.15909091	538	7.34763833983	0.981812971685
CS.314	66.81832	885	375	6.88235303534	0.979356330359
CS.280	83.39063	1210.08064516	477	7.04841912914	0.979812731725
CS.084	84.86866	616.188679245	364	7.15972677409	0.985506861372
CS.260	59.33226	720.333333333	338	6.4665581437	0.972846078421
CS.143	67.21222	576.972972973	314	6.6797843935	0.974841527908
CS.117	61.416	617.6	281	6.28119277593	0.974535373175
CS.122	66.96008	592.7	302	6.40043786684	0.97152390805
CS.050	42.19777	394.058823529	189	5.91222707649	0.968157076976
CS.382	61.95589	1238	422	7.23800514428	0.987131702497
CS.137	62.84043	551.246153846	338	6.61935329435	0.9750335823
CS.327	56.35991	1193.625	403	6.35263509688	0.967896213981
CS.153	75.75788	749.317073171	352	6.86003894222	0.982335133172
CS.377	58.07419	711.72	345	6.72719928304	0.981058690037
CS.171	62.12473	644.375	302	6.02866622131	0.944641083657
CS.360	60.72465	880.1	414	7.09051462288	0.984522201553
CS.040	61.12304	719	304	6.11328587049	0.962114984837
CS.127	62.95792	1080.48214286	432	6.97132601311	0.982353424066
CS.149	61.41136	789.85	381	6.62464378968	0.977054290641
CS.186	84.44578	925.430769231	435	7.02103401701	0.98178422885
CS.287	59.87732	796.4	338	6.69591888841	0.980349700127
CS.203	59.31398	919.344262295	405	6.38679076113	0.962855330565
CS.224	34.16981	560.84375	248	5.35862250666	0.923013407443
CS.375	53.81888	1000.02040816	380	6.38446698704	0.97116331613
CS.374	55.49643	923.660377358	378	6.69097223461	0.980555254941
CS.380	73.08874	1110.59649123	464	7.29262079238	0.984911100809
CS.376	55.0281	929.346938776	373	6.415152378	0.968378309699
CS.041	50.89165	534.833333333	251	5.60514453667	0.932337408646
CS.213	43.6912	709.818181818	323	6.32848837632	0.970762222945
CS.292	64.59762	598.068181818	298	6.23962856774	0.966922441599
CS.378	47.24715	569.085714286	279	6.46954394962	0.979322797052
CS.282	51.91179	1016.15789474	353	6.38992314933	0.972062182944
CS.136	64.14091	552.825	299	6.56178134304	0.977852993033
CS.302	37.88055	655.59375	268	5.84781774126	0.959819042084
CS.126	72.30157	1211.87301587	476	7.0231210093	0.978482286902
CS.205	50.88079	888	402	6.5871287965	0.971146767226
CS.256	57.61418	716.631578947	364	6.57085381868	0.974419530843
CS.147	58.42932	847.230769231	406	6.74398006229	0.977459303304
CS.166	66.26063	928.5	376	6.78491363107	0.979089805897
CS.389	53.36524	717.781818182	345	6.38418449585	0.97160360409
CS.148	47.5661	486.766666667	303	6.14357379957	0.970204786161
CS.181	64.41238	881.038461538	379	6.60629832305	0.973310318743
CS.177	47.46495	668.033898305	354	6.15596419519	0.956793205542
CS.385	65.50113	890.038461538	388	6.87889430286	0.982373892448
CS.386	41.30146	534.125	279	5.56718084205	0.937366533629
CS.268	59.68666	596.083333333	298	6.55616118203	0.977718859807
CS.183	49.17559	583.914893617	303	5.98932294483	0.956720477462
CS.214	57.23535	744.666666667	346	6.29829327614	0.97100392405
CS.348	64.66566	918.294117647	333	6.50149004386	0.97650164433
CS.349	74.49299	795.6	429	7.02620693026	0.980594885213
CS.129	56.6716	935.459459459	348	6.71868482096	0.981093965333
T.CS.042	85.55983	1109.50704225	507	7.39830215795	0.983956490317
TFS.023	59.44978	914.118644068	395	6.78833076827	0.980861409675
TFS.024	57.08813	893.622222222	368	6.64555195495	0.97649990234
T.CS.016	64.4371	1012.55813953	384	6.9380758968	0.984133737794
T.CS.059	69.90013	526.411764706	316	6.58201432311	0.977206714762
T.CS.023	40.38898	499.666666667	268	6.13024106614	0.972092667768
T.CS.079	53.03933	636.966666667	344	6.60273114939	0.978379509495
T.CS.029	80.9126	789.4	412	6.94437874091	0.976970239626
T.CS.022	72.2385	969.081967213	434	7.12033643207	0.98170104883
T.CS.014	67.02432	855.022222222	372	6.6680817653	0.97373536429
T.CS.004	69.63832	1299.5	497	7.23067328989	0.984696836045
T.CS.028	75.67955	1309.42857143	487	7.08161433161	0.977649180209
T.CS.071	75.36113	1266.04761905	491	6.97095459806	0.97511153635
T.CS.034	72.15467	902.789473684	446	6.75874115741	0.972982824632
T.CS.082	68.62443	973.185185185	406	6.64423600989	0.971670235206
T.CS.121	77.30013	1093.88888889	451	7.26419737759	0.986044700769
T.CS.111	64.07223	1353.78181818	466	6.74258506348	0.974117731084
T.CS.105	90.85852	720.303571429	386	7.05814609918	0.983396876046
T.CS.134	69.54457	928.512820513	456	6.67915939831	0.969938697196
T.CS.097	79.35565	1027.38356164	473	6.90584544245	0.973073843607
T.CS.167	67.45713	1092.47761194	454	6.64247245951	0.969674350221
T.CS.118	71.5671	1012.68181818	446	7.07536981456	0.9835954629
T.CS.131	81.53118	1127.55882353	468	6.86189151315	0.974474839024
T.CS.119	93.59639	864.126760563	450	7.2913131846	0.985620961713
T.CS.092	87.55825	790.051724138	426	7.29315841023	0.976431529234
T.CS.177	88.74864	894.338709677	424	6.955839021	0.977892187807
T.CS.107	72.61591	1235.55223881	488	6.97809999867	0.978147824832
T.CS.147	89.123	1253.72727273	553	7.66722871465	0.988291432306
T.CS.117	62.96756	1080.01886792	410	6.52233215633	0.971533053497
T.CS.120	73.60569	1351.02040816	460	7.04286832258	0.981471106157
CS.087	50.38845	781.75	295	5.78199966618	0.947000173546
CS.088	40.29899	544.913043478	224	5.70294605883	0.957408127994
L.034.M1	70.75508	1058.01587302	460	7.21846032357	0.984031395885
CS.110	51.46509	583.4	248	5.88367919275	0.961447802687
L.024.M1	56.79889	802.368421053	372	6.56552259482	0.975507403566
CS.103	70.81369	545.630434783	328	6.92782641686	0.982591205694
CS.082	89.14972	719	410	7.08168303188	0.980971155042
CS.242	73.69293	1106.54237288	435	6.62854487692	0.96826377386
CS.356	35.34788	606.034482759	251	5.96774327889	0.970047136071
CS.238	66.18718	604	310	6.78334257858	0.982936990699
CS.085	80.66386	677.960784314	376	7.1406687311	0.98487277703
CS.237	57.98729	597.757575758	277	5.98425714399	0.957877158788
CS.246	72.58829	1082.61111111	425	6.81818603639	0.977180149415
CS.241	75.66734	726.2	368	6.85324627946	0.981113127223
CS.015	55.59772	709.317073171	312	5.93450621484	0.95455779694
CS.164	34.23974	265.1875	127	4.474847785	0.918791259304
CS.151	74.079	878.75	407	7.08866678888	0.983349842317
CS.311	57.14124	699.871794872	305	6.28005565622	0.971325756693
CS.188	59.07432	1038.67164179	464	6.99794933946	0.97794009253
CS.387	64.93147	915.957746479	427	6.94966765719	0.982711838498
CS.338	59.59067	761.9	341	6.63836859261	0.977309056671
CS.165	47.92018	880.625	275	6.05074099901	0.969080767146
CS.233	64.39509	465.069767442	264	6.00055573421	0.962936333098
CS.187	60.15305	960.222222222	375	6.40752613733	0.965895974022
CS.150	66.94112	824.529411765	365	6.447622457	0.972313900492
CS.330	57.16872	860.245283019	389	6.71392196499	0.973972710421
CS.345.0	37.63155	386.217391304	171	4.81918383044	0.923613087483
CS.207	46.48063	583.27027027	269	5.94464040511	0.962924139168
CS.113	52.11911	711.1	271	5.87817746828	0.959037759592
CS.078	56.3662	589.727272727	297	6.3682733954	0.975743443204
CS.361	48.34804	846.65	329	6.0839114268	0.959404448476
CS.152	87.54165	1207.08196721	501	7.57518731551	0.989029600546
CS.080	46.68489	562.387096774	253	6.1549317024	0.971206865879
CS.321	59.33279	1066.12244898	400	6.50523760779	0.971733817839
CS.194	40.20467	712.2	330	6.10918845056	0.964248487027
CS.319	53.9492	753.385964912	361	6.3871986511	0.967597462705
CS.331	69.81227	900.166666667	402	6.84844477802	0.980614047102
CS.227	37.19008	544.565217391	213	5.53732353545	0.953009167875
CS.322	49.82949	778.019230769	356	6.5752519076	0.977547273797
CS.318	51.06444	945.837209302	365	6.64404594304	0.975062760632
CS.320	58.78536	1218.48648649	384	6.76643098394	0.981705839303
CS.223	61.99983	848	386	6.74119286332	0.98001654455
CS.285	38.21263	564.869565217	217	5.70768438952	0.966143772092
CS.158	52.29032	487.75	237	6.1880105362	0.974004937235
CS.339	42.78467	1062.26086957	298	5.93989961751	0.955460147734
CS.270	55.99204	780.738095238	335	6.42339109332	0.97373710628
CS.253	35.3477	452	193	5.19197465655	0.944494756501
CS.255	63.33195	817.3	386	6.79222140496	0.980752535303
CS.393	55.79994	678.096774194	278	6.02509040176	0.963987188535
CS.390	56.30072	733.5	376	6.48283351825	0.970498311467
CS.370	66.09111	965	421	6.862358157	0.978998786922
CS.326	56.58978	797.32	350	6.40306491496	0.973306834763
CS.262	54.74726	845.833333333	404	6.64796585148	0.975349753476
CS.145	76.54653	1125.64179104	474	7.01539840853	0.978578531847
T.CS.061	64.21836	1020.47169811	419	6.95588355221	0.982369101976
T.CS.026	47.56452	644.87755102	327	6.29978642405	0.972353966261
T.CS.008	57.31252	887.5	436	6.58064120084	0.956473114889
TFS.020	74.43619	920	430	7.13757444011	0.984555299362
TFS.021	74.06193	1249.06521739	589	7.7528956303	0.9875297472
T.CS.045	65.05925	893.169491525	403	6.35761728919	0.947492721204
TFS.025	55.15351	777.637931034	381	6.71581603945	0.976676278822
T.CS.064	78.30626	1207.17808219	508	7.17147354262	0.977475852209
T.CS.036	73.66872	728.75	384	6.98749520503	0.980229067323
T.CS.049	50.15581	862.62	372	6.56196279248	0.974686055305
T.CS.066	82.80711	1037.33333333	448	7.01610680501	0.979691227927
T.CS.031	69.59732	1055.25	450	7.10036882505	0.982170950619
T.CS.043	62.43045	1125.4	417	6.89697890561	0.97904407866
T.CS.055	68.59212	1196.28571429	433	6.76564831284	0.975867559988
TFS.027	63.11404	821.0625	432	6.63983654244	0.971030053899
T.CS.095	81.92477	1068.01408451	494	7.4123257758	0.984782193553
T.CS.157	60.1959	897.659574468	371	6.57682651712	0.974680829335
T.CS.109	84.20443	1256.125	487	7.446466494	0.9877030752
T.CS.158	79.81069	1075.36842105	497	7.07137945874	0.977147922601
T.CS.152	71.33776	1121.63793103	453	6.84242072759	0.972753317457
T.CS.151	68.85297	1059.6557377	451	6.86014303146	0.976006919184
T.CS.142	61.04052	1043.50847458	428	6.72773244955	0.977238506078
T.CS.141	57.93121	978.701754386	415	6.85157191148	0.979743487625
T.CS.166	78.041	1034.08333333	472	7.11500391965	0.980617531082
