PD_whole_tree	chao1	observed_otus	shannon	simpson
CS.219	71.51617	504.9375	308	6.37588193349	0.967133222383
CS.022	45.82996	489.444444444	225	5.91088745483	0.967185482082
L.002.M1	46.70484	668.773584906	330	6.04703378152	0.96279566741
CS.217	73.89318	626.8	337	6.76226083092	0.975092809958
CS.257	71.43757	1174.38181818	454	6.94926444886	0.978245376269
CS.084	84.86866	616.188679245	364	7.15972677409	0.985506861372
CS.101	74.43904	775	340	6.82961558164	0.979415993515
L.025.M1	53.42792	817.042553191	359	6.66584254524	0.979004012892
CS.265	97.47906	820.391891892	452	7.12389616961	0.974288446099
CS.281	69.33108	1073.68292683	380	6.53564019851	0.968237208513
CS.280	83.39063	1210.08064516	477	7.04841912914	0.979812731725
L.035.M1	55.71396	1107.38636364	400	6.85722159346	0.981181500328
CS.028	77.99057	596.826086957	334	6.79842140871	0.980433315645
CS.017	60.60506	613.25	302	5.71078691957	0.929080322939
CS.010	62.52256	351.076923077	250	6.28075531098	0.944857961406
CS.367	35.51786	519.029411765	241	5.76612704329	0.963685824274
CS.076	51.772	521.181818182	243	5.83708274666	0.964640434766
CS.368	79.21084	1118.78846154	441	7.18501345283	0.984324485694
CS.382	61.95589	1238	422	7.23800514428	0.987131702497
CS.115	44.6346	385.681818182	187	5.64237523597	0.963870910706
CS.050	42.19777	394.058823529	189	5.91222707649	0.968157076976
CS.063	54.01978	440.222222222	238	6.04233026265	0.961222650486
CS.117	61.416	617.6	281	6.28119277593	0.974535373175
CS.161	48.61543	484.303030303	238	5.83257989884	0.963981962565
CS.360	60.72465	880.1	414	7.09051462288	0.984522201553
CS.067	35.34234	309.882352941	151	5.12352270866	0.944192956743
CS.155	67.7537	843.1	408	7.22611250408	0.987524956728
CS.334	46.2462	583	303	6.41928034707	0.974082891285
CS.056	56.12641	668.625	269	6.37092230781	0.974595907325
CS.065	60.62497	907.45	343	6.38383497062	0.971754286221
CS.232	87.36415	833.12244898	398	7.12496767232	0.984138528267
CS.302	37.88055	655.59375	268	5.84781774126	0.959819042084
CS.041	50.89165	534.833333333	251	5.60514453667	0.932337408646
CS.376	55.0281	929.346938776	373	6.415152378	0.968378309699
CS.378	47.24715	569.085714286	279	6.46954394962	0.979322797052
CS.236	46.20137	433.166666667	210	5.55428021609	0.95268254476
CS.282	51.91179	1016.15789474	353	6.38992314933	0.972062182944
CS.375	53.81888	1000.02040816	380	6.38446698704	0.97116331613
CS.205	50.88079	888	402	6.5871287965	0.971146767226
CS.136	64.14091	552.825	299	6.56178134304	0.977852993033
CS.126	72.30157	1211.87301587	476	7.0231210093	0.978482286902
CS.224	34.16981	560.84375	248	5.35862250666	0.923013407443
CS.203	59.31398	919.344262295	405	6.38679076113	0.962855330565
CS.213	43.6912	709.818181818	323	6.32848837632	0.970762222945
CS.292	64.59762	598.068181818	298	6.23962856774	0.966922441599
CS.147	58.42932	847.230769231	406	6.74398006229	0.977459303304
CS.395	68.90364	852.01754386	402	7.00537435368	0.984435537553
CS.166	66.26063	928.5	376	6.78491363107	0.979089805897
CS.256	57.61418	716.631578947	364	6.57085381868	0.974419530843
CS.369	48.5155	451	271	5.76314234833	0.957610198829
CS.386	41.30146	534.125	279	5.56718084205	0.937366533629
CS.214	57.23535	744.666666667	346	6.29829327614	0.97100392405
CS.389	53.36524	717.781818182	345	6.38418449585	0.97160360409
CS.178	67.57516	702.666666667	358	6.77081022645	0.977249829013
CS.148	47.5661	486.766666667	303	6.14357379957	0.970204786161
CS.372	57.11989	722.566037736	362	6.75957425621	0.979794440831
CS.183	49.17559	583.914893617	303	5.98932294483	0.956720477462
CS.181	64.41238	881.038461538	379	6.60629832305	0.973310318743
CS.268	59.68666	596.083333333	298	6.55616118203	0.977718859807
CS.254	62.16516	754.75	389	6.85870674223	0.977434915445
T.CS.089	70.10242	889.05	419	6.78507802949	0.970583233477
T.CS.050	64.39068	879.222222222	383	6.47567975545	0.968356099327
T.CS.058	66.55328	897.37254902	381	6.65214767477	0.976433706722
T.CS.067	58.81348	1082.875	415	6.37526497002	0.963068724334
T.CS.040	82.47706	1217.30434783	496	7.10084344328	0.98060577265
T.CS.062	71.71145	1043.19565217	404	6.73537592434	0.969595525176
T.CS.071	75.36113	1266.04761905	491	6.97095459806	0.97511153635
T.CS.003	71.68788	1045.52941176	467	7.03553985188	0.977866928952
T.CS.029	80.9126	789.4	412	6.94437874091	0.976970239626
T.CS.014	67.02432	855.022222222	372	6.6680817653	0.97373536429
T.CS.079	53.03933	636.966666667	344	6.60273114939	0.978379509495
T.CS.057	48.4391	795.558139535	342	6.58019024863	0.978455721555
T.CS.069	75.43499	1044	482	7.25459416347	0.982750597775
T.CS.001	51.28516	791.918367347	361	6.26814834108	0.959664440476
TFS.024	57.08813	893.622222222	368	6.64555195495	0.97649990234
T.CS.128	86.10473	1189.06976744	430	7.01123743532	0.977528982902
T.CS.144	74.32503	977.3	446	7.07943433156	0.978432640188
T.CS.159	95.15364	926.833333333	422	7.15131294291	0.983327631945
T.CS.131	81.53118	1127.55882353	468	6.86189151315	0.974474839024
T.CS.167	67.45713	1092.47761194	454	6.64247245951	0.969674350221
T.CS.134	69.54457	928.512820513	456	6.67915939831	0.969938697196
T.CS.100	87.11607	828.518518519	426	7.47301869175	0.988512665029
T.CS.126	79.04796	1036.37333333	466	6.9746163331	0.980267391102
T.CS.178	86.36602	914.050847458	432	7.21062976028	0.984780451563
T.CS.097	79.35565	1027.38356164	473	6.90584544245	0.973073843607
T.CS.120	73.60569	1351.02040816	460	7.04286832258	0.981471106157
T.CS.161	92.08494	1140.5	466	7.32759871853	0.986926147683
T.CS.107	72.61591	1235.55223881	488	6.97809999867	0.978147824832
T.CS.124	83.22163	896.25	408	7.08558195097	0.979719099766
T.CS.111	64.07223	1353.78181818	466	6.74258506348	0.974117731084
CS.237	57.98729	597.757575758	277	5.98425714399	0.957877158788
CS.103	70.81369	545.630434783	328	6.92782641686	0.982591205694
L.034.M1	70.75508	1058.01587302	460	7.21846032357	0.984031395885
CS.082	89.14972	719	410	7.08168303188	0.980971155042
CS.006	60.00565	727.487179487	319	6.23407554922	0.959827752034
CS.356	35.34788	606.034482759	251	5.96774327889	0.970047136071
CS.242	73.69293	1106.54237288	435	6.62854487692	0.96826377386
CS.246	72.58829	1082.61111111	425	6.81818603639	0.977180149415
CS.085	80.66386	677.960784314	376	7.1406687311	0.98487277703
CS.087	50.38845	781.75	295	5.78199966618	0.947000173546
CS.015	55.59772	709.317073171	312	5.93450621484	0.95455779694
L.024.M1	56.79889	802.368421053	372	6.56552259482	0.975507403566
CS.110	51.46509	583.4	248	5.88367919275	0.961447802687
CS.088	40.29899	544.913043478	224	5.70294605883	0.957408127994
CS.241	75.66734	726.2	368	6.85324627946	0.981113127223
CS.233	64.39509	465.069767442	264	6.00055573421	0.962936333098
CS.150	66.94112	824.529411765	365	6.447622457	0.972313900492
CS.113	52.11911	711.1	271	5.87817746828	0.959037759592
CS.151	74.079	878.75	407	7.08866678888	0.983349842317
CS.228	56.21136	460.108108108	254	6.01750865849	0.96295157551
CS.345.0	37.63155	386.217391304	171	4.81918383044	0.923613087483
CS.191	74.677	1144.9	440	7.05419639048	0.979959494379
CS.363	57.88742	679.428571429	352	6.70540903014	0.978099920108
CS.347.0	43.29714	470.034482759	232	6.06462280369	0.969047669337
CS.207	46.48063	583.27027027	269	5.94464040511	0.962924139168
CS.308.0	46.10123	522.451612903	235	5.26081522864	0.933720548666
CS.364	43.52221	580.181818182	319	6.22348126099	0.969224481317
CS.212	51.51703	783.568965517	372	6.52368319866	0.972152330924
CS.044	53.45441	782.576923077	281	6.27449230745	0.972251624351
CS.188	59.07432	1038.67164179	464	6.99794933946	0.97794009253
CS.361	48.34804	846.65	329	6.0839114268	0.959404448476
CS.331	69.81227	900.166666667	402	6.84844477802	0.980614047102
CS.163	48.48348	482.724137931	224	5.61125977418	0.957438177321
CS.152	87.54165	1207.08196721	501	7.57518731551	0.989029600546
CS.080	46.68489	562.387096774	253	6.1549317024	0.971206865879
CS.202	50.96405	914.645833333	366	6.07334563574	0.954360952076
CS.320	58.78536	1218.48648649	384	6.76643098394	0.981705839303
CS.223	61.99983	848	386	6.74119286332	0.98001654455
CS.319	53.9492	753.385964912	361	6.3871986511	0.967597462705
CS.158	52.29032	487.75	237	6.1880105362	0.974004937235
CS.339	42.78467	1062.26086957	298	5.93989961751	0.955460147734
CS.194	40.20467	712.2	330	6.10918845056	0.964248487027
CS.112	52.42753	423.823529412	241	5.87623492148	0.956752704276
CS.322	49.82949	778.019230769	356	6.5752519076	0.977547273797
CS.318	51.06444	945.837209302	365	6.64404594304	0.975062760632
CS.270	55.99204	780.738095238	335	6.42339109332	0.97373710628
CS.393	55.79994	678.096774194	278	6.02509040176	0.963987188535
CS.326	56.58978	797.32	350	6.40306491496	0.973306834763
CS.255	63.33195	817.3	386	6.79222140496	0.980752535303
CS.390	56.30072	733.5	376	6.48283351825	0.970498311467
CS.145	76.54653	1125.64179104	474	7.01539840853	0.978578531847
CS.253	35.3477	452	193	5.19197465655	0.944494756501
CS.262	54.74726	845.833333333	404	6.64796585148	0.975349753476
CS.370	66.09111	965	421	6.862358157	0.978998786922
T.CS.045	65.05925	893.169491525	403	6.35761728919	0.947492721204
TFS.021	74.06193	1249.06521739	589	7.7528956303	0.9875297472
T.CS.049	50.15581	862.62	372	6.56196279248	0.974686055305
T.CS.026	47.56452	644.87755102	327	6.29978642405	0.972353966261
T.CS.036	73.66872	728.75	384	6.98749520503	0.980229067323
TFS.027	63.11404	821.0625	432	6.63983654244	0.971030053899
T.CS.061	64.21836	1020.47169811	419	6.95588355221	0.982369101976
TFS.025	55.15351	777.637931034	381	6.71581603945	0.976676278822
TFS.020	74.43619	920	430	7.13757444011	0.984555299362
T.CS.066	82.80711	1037.33333333	448	7.01610680501	0.979691227927
TFS.022	85.35109	923.585365854	484	7.53049887882	0.988977776345
T.CS.055	68.59212	1196.28571429	433	6.76564831284	0.975867559988
T.CS.064	78.30626	1207.17808219	508	7.17147354262	0.977475852209
T.CS.043	62.43045	1125.4	417	6.89697890561	0.97904407866
T.CS.031	69.59732	1055.25	450	7.10036882505	0.982170950619
T.CS.157	60.1959	897.659574468	371	6.57682651712	0.974680829335
T.CS.109	84.20443	1256.125	487	7.446466494	0.9877030752
T.CS.141	57.93121	978.701754386	415	6.85157191148	0.979743487625
T.CS.095	81.92477	1068.01408451	494	7.4123257758	0.984782193553
T.CS.151	68.85297	1059.6557377	451	6.86014303146	0.976006919184
T.CS.142	61.04052	1043.50847458	428	6.72773244955	0.977238506078
T.CS.166	78.041	1034.08333333	472	7.11500391965	0.980617531082
T.CS.152	71.33776	1121.63793103	453	6.84242072759	0.972753317457
T.CS.158	79.81069	1075.36842105	497	7.07137945874	0.977147922601
