p__Euryarchaeota	k__Bacteria	p__Actinobacteria	p__Bacteroidetes	p__Elusimicrobia	p__Firmicutes	p__Fusobacteria	p__Lentisphaerae	p__Proteobacteria	p__Tenericutes	p__Verrucomicrobia
CS.357	0	0	0.0971007356774605	0.347231072235417	1.44818397729248e-05	0.504330070092105	8.68910386375485e-05	1.44818397729248e-05	0.0512222672768348	0	0
CS.264	0.000709524833369168	0.000236508277789723	0.453042356482477	0.168694904321651	0	0.222575790152655	0.00367662868200387	0.000107503762631692	0.150655772952053	0.000301010535368738	0
L.006.M1	0	0.0250597458289594	0.0205034284055122	0.203314497576665	2.23348893306234e-05	0.740267571974181	0	0	0.0108100864360217	2.23348893306234e-05	0
CS.028	0.000459755016255624	0.0139896883517783	0.0304751896489442	0.398738957669699	0	0.508653246198811	0.00417063479031887	9.85189320547765e-05	0.0431512922399921	0.000262717152146071	0
CS.313	0.000710580544304697	0.000663208508017717	0.0887515099836566	0.165423150714133	0.000118430090717449	0.579596863971198	0.000260546199578389	0.000165802127004429	0.140931807953765	0	9.47440725739596e-05
CS.295	0	4.15305387895232e-05	0.0688299462871698	0.352165125422227	0	0.553698986654854	0	0.00012459161636857	0.025001384351293	4.15305387895232e-05	1.38435129298411e-05
CS.098	0.00672099470721667	0.00190428183371139	0.0359573216836092	0.313562407236271	0	0.611246464476743	0.000140020723067014	0.000364053879974236	0.0275560782995883	0.00254837715981965	0
CS.010	0.00313873195229127	0.0155367231638418	0.0230696798493409	0.186911487758945	0	0.454645323289391	0.00266792215944758	0	0.0674827369742624	0.219711236660389	0.0230696798493409
CS.037	0	0.0112310385064177	0.0378500583430572	0.394909568261377	0	0.468859393232205	0	0	0.0870770128354726	3.64644107351225e-05	3.64644107351225e-05
CS.093	0.000216778668978972	0.085546282245827	0.0616464339908953	0.258400173422935	8.12920008671147e-05	0.54330153912855	0.000162584001734229	0.000189681335356601	0.0435454151311511	0.00682852807283763	8.12920008671147e-05
CS.281	0.000235248829102419	4.2772514382258e-05	0.0408905237494386	0.368185803802477	0.00149703800337903	0.497080775893411	4.2772514382258e-05	0.00566735815564918	0.0858230501080006	0.000342180115058064	0.000171090057529032
L.002.M1	4.83547303014917e-05	4.83547303014917e-05	0.0717584197674137	0.136916418848674	0	0.789995406300621	0.000193418921205967	0	0.00101544933633133	0	0
L.036.M1	0	0.00926269752857202	0.027973759128605	0.291702768494451	4.12592317531048e-05	0.601085117795107	0	0	0.0694805462722284	0.000453851549284152	0
L.025.M1	0	0.00604117448531893	0.0733715828552143	0.194195072561593	0	0.562537968275397	0.000742490718866014	0	0.163077961525481	0	3.37495781302734e-05
CS.296	0.000400502448526333	0.000382297791775136	0.0475323587773753	0.341628588592962	0.0218455881014363	0.471136516720977	0	0.0167664888678524	0.100216635415339	0	5.46139702535909e-05
CS.040	0.000431649898728293	0.000664076767274297	0.0510675034033934	0.385728990271275	0	0.545439452800744	0	0	0.0153401733240363	0.00132815353454859	0
CS.056	0	0.00437022007179647	0.0636803496176057	0.274231309505229	0	0.633174652723584	0	0.00085843608553145	0.0171297018885594	0.0030825659434993	0.00347276416419541
CS.050	3.3208248929034e-05	0.00112908046358715	0.199847242054926	0.205027728887856	0.000863414472154883	0.569455052635075	0.000398498987148408	6.64164978580679e-05	0.0229136917610334	3.3208248929034e-05	0.000232457742503238
CS.230	0	0.000505701375181482	0.119312898647657	0.466338232655258	0	0.355605944438101	4.89388427594982e-05	0	0.0581882840410434	0	0
CS.118	0	0.000884955752212389	0.175884955752212	0.275921828908555	0	0.517883480825959	0.000405604719764012	0.000553097345132743	0.0280604719764012	0.00025811209439528	0.000147492625368732
CS.149	3.29804425975397e-05	0	0.124204346822334	0.274199399755945	0	0.454437518551499	0.0599914250849246	0	0.0378615481019755	0	0.0492068203555292
CS.122	0.000138240884741662	0.00991878348021427	0.0844306203559703	0.425436322792466	0	0.454777950578884	6.91204423708312e-05	0.000138240884741662	0.0237083117331951	0.00138240884741662	0
CS.334	0	0.00863140849550357	0.00556631871150565	0.294581152589423	0	0.687765665211231	0	0	0.00344099702165804	0	0
CS.301	0.000352340125667978	0.00538786775500617	0.0914616242879793	0.353044805919314	0	0.499926595807152	0	0.00215808326971637	0.0469933642609666	0.00032297844852898	0.00032297844852898
CS.077	0.000318291130287169	0.000212194086858113	0.230018390154194	0.355495826849625	0	0.393690762484085	0	0	0.018849908049229	0.0011317017965766	0.000247559768001132
CS.367	0	0	0.0983477417791064	0.28793326331098	0	0.567524440494465	4.03975115132908e-05	2.01987557566454e-05	0.0461137593924214	0	0
CS.377	0.000192323543149161	0.000329697502541418	0.0766271945490013	0.293678050388768	0	0.579910432178476	0.00343434898480644	0.000384647086298321	0.02519438415254	2.74747918784515e-05	0.0202214468225403
CS.171	0	0.000290877358833582	0.0679562229574956	0.396574919099735	0	0.502781514743846	0.000109079009562593	0.000763553066938152	0.0313056757444642	0.000181798349270989	0
CS.042	0	0.000110807416709758	0.173118120706213	0.272623180911576	0	0.515476102533796	7.3871611139839e-05	0.000258550638989436	0.0381916229592967	0	0
CS.381	0.000174848100712506	0.00837085282161123	0.0757092276085151	0.213205402806312	0	0.662368317524151	0	0.000305984176246885	0.0390129824714779	0.000721248415439087	0.00013113607553438
CS.302	0	3.63191728913694e-05	0.117093013401775	0.289149041779155	0	0.512294040023729	4.84255638551591e-05	0	0.0813428408857036	0	0
CS.203	0	0.000780704959968107	0.0355137703066343	0.417344938706355	0	0.523354705823727	0	0	0.0227401083020498	0.000265771901265739	0
CS.128	0	0	0.0514088376108626	0.277097559061298	0	0.648222274546739	0	0.000313947099913665	0.0185621222823954	0.000745624362294953	0.00357114826151793
CS.292	0.000836986847349542	0.000358708648864089	0.0550418493423675	0.277042646472698	7.97130330809087e-05	0.652012754085293	3.98565165404544e-05	0	0.0145874850538063	0	0
CS.374	0	6.83480281593876e-05	0.0985578566058369	0.19424509602898	0	0.67295468525733	0.032260269291231	6.83480281593876e-05	0.00177704873214408	0	0
CS.126	1.85113196719794e-05	7.40452786879177e-05	0.0482404990651784	0.283797041891116	1.85113196719794e-05	0.632050498880065	9.25565983598971e-05	0.000536828270487403	0.0209548138686807	0.000814498065567094	0.0133836841228411
CS.378	4.52304491383599e-05	4.52304491383599e-05	0.0568999050160568	0.271699307974128	0	0.583698946130535	0	0	0.0144285132751368	0	0.0731828667058664
CS.125	0	2.70146149066645e-05	0.128346435421563	0.37774536023989	0	0.437272064186725	0.012278142475079	1.35073074533323e-05	0.0442904611394765	0	1.35073074533323e-05
CS.224	0	0	0.044092929013838	0.425042020676475	0	0.518454560106836	2.30250282056596e-05	0	0.0123644401464392	0	0
CS.213	0	8.92976737955976e-05	0.135040407197393	0.326249051212216	0	0.528285038174756	0	2.23244184488994e-05	0.00984506853596464	0	0.000468812787426888
CS.375	3.8768705900597e-05	3.8768705900597e-05	0.206714739861983	0.248429867411026	0	0.527642087307126	3.8768705900597e-05	0.000155074823602388	0.0168256183608591	0	0.000116306117701791
CS.041	0	0.00010148849797023	0.0192489851150203	0.393741542625169	0	0.565933694181326	0.00429634641407307	6.765899864682e-05	0.0164073071718539	3.382949932341e-05	0
CS.282	0	0	0.0745996878432279	0.369038672755651	0	0.496040233539511	0.0102607087114862	0	0.0302185097404474	0	0.0198277357072663
CS.376	0	0	0.0624985005158226	0.349079916508721	0	0.573642666922579	4.79834936781747e-05	0	0.0145150068376478	0	0.000215925721551786
CS.236	0	0.00259327864514422	0.163006086266208	0.0383699391373379	0	0.782376290023816	0	0	0.0127017729558084	0	5.29240539825351e-05
CS.348	0.0944557643806728	0.00351947108191676	0.0839543466180305	0.33966458158191	1.42488707769909e-05	0.444023311152591	1.42488707769909e-05	0	0.0153317849560422	0	0.0190079936165059
CS.256	0	3.01909578081365e-05	0.128085138501019	0.262072609253529	0	0.607185447958337	1.50954789040682e-05	0	0.00135859310136614	1.50954789040682e-05	0.00122273379122953
CS.268	3.24359390204346e-05	0.00210833603632825	0.0807654881608823	0.209017191047681	0	0.685371391501784	0.000518975024326954	3.24359390204346e-05	0.00895231916963996	3.24359390204346e-05	0.0131689912422965
CS.386	4.50176694352533e-05	4.50176694352533e-05	0.010128975622932	0.303126477142278	0	0.667454475881784	0	2.25088347176267e-05	0.019110000675265	0	6.752650415288e-05
CS.369	2.79056788056369e-05	0.00652992884051905	0.0198130319520022	0.418027068508441	0	0.549379098646575	0	0	0.00613924933724013	0	8.37170364169108e-05
CS.349	0.0139104328246185	0.013710282712034	0.0115586690017513	0.311683762822117	0	0.591343507630723	0	0.000225168876657493	0.0464848636477358	0	0.0110082561921441
CS.385	0.000236905582356995	0.0024552033080634	0.168784458993797	0.299599414197105	0	0.479733804272915	0	0.00525499655410062	0.015592694693315	0	0.028342522398346
CS.323	0.0600638977635783	6.08550129316903e-05	0.0895329377757493	0.353643693899285	1.52137532329226e-05	0.460946295451088	0	0.00225163547847254	0.0160809371671991	0	0.0174045336984634
CS.395	0.0652167050727611	0.000883866283657944	0.0643328387891032	0.26092995359702	3.15666529877837e-05	0.574860317560529	0	0.00183086587329145	0.0272104548754696	0	0.00470343129517977
CS.166	0.00529018605971459	0.0290831204356017	0.00810301669634332	0.344249180666305	0	0.55810172640706	2.58057856571443e-05	0	0.045418182756574	0	0.00962555805011484
CS.177	1.7195130339088e-05	6.87805213563519e-05	0.142891533117821	0.306400027512209	0	0.517504642685192	3.43902606781759e-05	0	0.0330662356420662	0	1.7195130339088e-05
CS.178	0.107089663389931	0.000148942508191838	0.0292969913613345	0.356478999106345	0	0.4510872803098	1.48942508191838e-05	0.000297885016383676	0.0555406613047364	2.97885016383676e-05	1.48942508191838e-05
CS.148	0	0	0.00802669021685801	0.306329113924051	0	0.596310470022569	1.96251594544206e-05	3.92503189088411e-05	0.0609361201059759	0	0.0243744480423903
CS.372	0	1.9752306081735e-05	0.0310506251604875	0.309518636300788	0	0.624469156774053	0	3.95046121634701e-05	0.012898255871373	0	0.0211349675074565
CS.147	6.29009938357026e-05	0.000345955466096364	0.102119763492263	0.309347087683985	0	0.540036482576425	0	0	0.0297521700842873	0	0.0183356397031073
T.CS.025	2.17504785105272e-05	0.0113102488254742	0.144488428745432	0.280602923264312	0	0.498564468418305	0	0.000174003828084218	0.0637941534713764	0.000870019140421089	0.000174003828084218
T.CS.023	1.19307539043392e-05	1.19307539043392e-05	0.0392402495913717	0.428290203657969	0	0.347125284846749	0.112518940071823	0	0.0688165885202286	0	0.00374625672596251
T.CS.004	4.38609316061873e-05	0.0122956811602678	0.0639346179712857	0.313313254773531	0.00521945086113629	0.452001520512296	0.0336267142314103	0	0.109754671189216	0.00924003625837013	0.000570192110880435
T.CS.042	0.00383153011641392	0.027892364832132	0.0462719652373053	0.306566449889165	0.0301677945947533	0.506393223623365	0	0.000822090752947048	0.0759699936875174	0.00155610035379263	0.000513806720591905
T.CS.056	0	0.0177255526787493	0.0185222067317267	0.362875921131249	4.97908783110934e-05	0.590519816769568	0.000597490539733121	0.00029874526986656	0.00941047600079665	0	0
T.CS.080	2.35932523298337e-05	2.35932523298337e-05	0.00507254925091424	0.409390114427274	0	0.547599386575439	0.00108528960717235	0	0.0367818803822107	0	2.35932523298337e-05
T.CS.076	0.00212119951753109	0.00143492908538868	0.040760304454519	0.23705444412095	0	0.623653454227842	0	0.000457513621428274	0.0940814374246142	0.000207960737012852	4.15921474025704e-05
T.CS.012	3.50035878677564e-05	0	0.0467822951852565	0.41134466282794	3.50035878677564e-05	0.510614838020897	0	0.000350035878677564	0.0308031573236257	0	1.75017939338782e-05
T.CS.038	0.0570821973992135	0.0013510579266086	0.0426307027913822	0.177085092523342	0.00159231827064585	0.602041062510555	0.00690004583946537	0.0448502979565249	0.0621486646239958	0.00328114067890661	2.41260344037251e-05
T.CS.035	4.30533430920911e-05	0.0321177939467	0.0713178628320489	0.358935721358764	0.010418909028286	0.481723855857407	0	0.0012270202781246	0.0402118224480131	0.00383174753519611	2.15266715460456e-05
T.CS.028	0	0.0206953225887601	0.0833179599845707	0.323980746977041	0	0.532543981753233	1.67709259228202e-05	0.00211313666627535	0.034514565549164	0.00164355074043638	0.00112365203682895
T.CS.059	0.000130753138075314	0.00523012552301255	0.0638075313807531	0.258237447698745	6.53765690376569e-05	0.612709205020921	0.00143828451882845	0.00176516736401674	0.0469403765690377	0.000523012552301255	0.00882583682008368
T.CS.041	0	0.00856586632057106	0.0426670992861778	0.294905905256327	0	0.546950032446463	0.0618429591174562	0.0009085009733939	0.0310837118754056	0.00171966255678131	0.0113562621674238
T.CS.040	0.000563348543744014	0	0.0655174356374289	0.255478564587911	0	0.569827051997071	0.00461945805870092	0.00123936679623683	0.102698439524534	0	5.63348543744014e-05
T.CS.079	0	5.14588586425153e-05	0.0368960016466835	0.348376473009829	2.57294293212577e-05	0.560232594041064	0.0236453455462358	0	0.0307723974682242	0	0
T.CS.114	0.00103492198280437	0.00658104235219191	0.0268283621696211	0.114478293174822	0.00427237023670523	0.736811378834519	0.000185755227682836	0.00931429784523936	0.0684906060927715	0.0320029720836429	0
T.CS.180	6.09180347841979e-05	0.000517803295665682	0.324510371295422	0.129359446864244	0	0.479120343577716	0	0.00584813133928299	0.0165697054613018	0.0307636075660199	0.013249672565563
T.CS.153	0.0123221517205535	0.00381142127032938	0.0861900946358577	0.135608636334106	0.000779608896203738	0.559564285250233	0.000173246421378608	0.00450440695584382	0.192823266994391	0.00402797929705265	0.000194902224050934
T.CS.121	0	0.000352750653390415	0.0716244167588629	0.34505427549826	0	0.511103628521494	0	0.0301441467442718	0.0308977504128786	0.000994115477736624	0.00979684769188834
T.CS.124	0.000981682693380335	0.0371923874969322	0.0671113986747284	0.173066196648892	4.4621940608197e-05	0.690948439347627	0	0.00319046875348609	0.0246313112157248	0.00229802994132215	2.23109703040985e-05
T.CS.128	0.066231684981685	0.0129120879120879	0.0797847985347985	0.199221611721612	0	0.532051282051282	0	0.0127289377289377	0.0942307692307692	0.00242673992673993	0.000412087912087912
T.CS.144	0	0.0222791480641148	0.030344726633975	0.300007319036815	0	0.482602649491327	0	0.000190294957183635	0.16381468198785	0.000761179828734539	0
T.CS.125	2.57168574000257e-05	0.0016973125884017	0.0553169602674553	0.273987398739874	0.00054005400540054	0.519429085765719	0.00609489520380609	0.000154301144400154	0.142754275427543	0	0
T.CS.139	0.00175710830176624	0.0187462918168956	0.0260941992606453	0.308543653872484	1.14097941673132e-05	0.539626215143079	2.28195883346264e-05	0.000753046415042673	0.102517000593309	0.00180274747843549	7.98685591711925e-05
T.CS.102	0.00323271811449836	0.000751794910348457	0.177724316806375	0.269668834341992	0	0.464496485358794	0	0.00026312821862196	0.0743901063789798	0.00109010262000526	0
T.CS.178	0.0265094202748357	0.00889174456442888	0.16386511078409	0.149688063506539	0.0170580554231351	0.505005492569486	0.000559620287271747	0.0224677182000953	0.0996538644889838	0.00180322092565341	0.0040417020747404
T.CS.119	0.0140052850132125	0.00713476783691959	0.0894677236693092	0.0416761041902605	0.000113250283125708	0.727633069082673	0.000415251038127595	0.0167232918082295	0.0696866742166855	0.0117402793506984	0.000604001510003775
T.CS.098	0.000763239265724686	0.000391404751653685	0.0264785314493718	0.201730009002309	0.00440330345610396	0.600082194997847	0.001859172570355	0.000215272613409527	0.1598105601002	0.00420760108027711	0
T.CS.134	0.00177835394229491	3.32402606036431e-05	0.0299162345432788	0.373437707751629	0.0839150378938971	0.392750299162345	0.000265922084829145	0.00865908788724904	0.109161015822364	0	0
T.CS.161	0.00116799133977153	0.00894510440703074	0.0352106657550637	0.202347377717004	0.000655214654018175	0.642281286499729	0.0015098424636071	0.00227900749223713	0.0734695040309945	0.0313933282055665	0.000512776685753354
CS.015	0	3.60529256949201e-05	0.216389660020911	0.241806972635829	0	0.439521217146771	0	0	0.102246097270794	0	0
CS.103	7.82105427811669e-05	3.91052713905835e-05	0.09651180979196	0.268848740810261	0	0.607735022681057	0	0.000469263256687001	0.0214296887220397	3.91052713905835e-05	0.0044971062099171
CS.237	0	3.58590024025532e-05	0.140925879442034	0.165704450102198	0	0.634560906515581	0.00103991106967404	0	0.0497722953347438	0	0.0079606985333668
CS.238	2.97539349578982e-05	0.0032729328453688	0.0753667172483561	0.301228837513761	0	0.551875985599095	0	0	0.068077003183671	8.92618048736945e-05	0
CS.006	0.000151633854785312	0.000227450782177968	0.207157117945867	0.303596249589325	0.000151633854785312	0.374105992064495	0.00222396320351791	0	0.111754150976775	7.58169273926559e-05	0.000555990800879476
CS.242	0.00321645264260825	0.00141328979750969	0.040035088574283	0.350983211091888	0.0242695972124077	0.470674236701674	0.000243670654743049	0.000316771851165964	0.10833597309876	0.000194936523794439	0.000292404785691659
L.034.M1	0	0.000740990232401482	0.0486359043448973	0.189221960255978	0	0.67005725833614	0	0	0.0857527787133715	0.000538901987201078	0.0050522061300101
L.024.M1	0.000158921152405385	4.54060435443958e-05	0.0869525733875179	0.335936613163212	0	0.470974186664245	0.000522169500760551	4.54060435443958e-05	0.105183099870593	0	0
CS.085	0.00156234418109896	0.0011634477944354	0.127912774656783	0.181198683641924	0	0.56184556061563	0.000265930924442376	0.000864275504437722	0.124621879466808	0.00033241365555297	0.000199448193331782
CS.246	0.0044002446772825	0.00248623690285917	0.117030722784585	0.314351111900393	0.000118392233469484	0.522504390378658	0.000710353400816906	0.000315712622585292	0.0374908739320034	0.000138124272381065	0.000453836894966357
CS.356	1.30485274736746e-05	1.30485274736746e-05	0.0481360178503856	0.209337526260162	0	0.393582734188447	0.256220885473074	0	0.0926967391729843	0	0
CS.241	0.0283637074951912	0.00759625729468914	0.0748541062171943	0.327812734326606	0.000880252991230072	0.541844619046067	0	0	0.0185179147784697	0	0
CS.110	0	0.000268393330425739	0.0282819471936122	0.189183748783843	0	0.773677324118496	6.70983326064347e-05	0	0.00848793907471399	3.35491663032174e-05	0
CS.082	0.00210442194992009	0.00436867341502397	0.155380927011188	0.255087906233351	0	0.516595631326585	0.0232818327117741	0.000905700586041556	0.0409429941395844	0.000905700586041556	0.000239744272775706
CS.088	0	0.00296426185704743	0.0689295257181029	0.340890113560454	0	0.540455911823647	0	0	0.0467601870407482	0	0
CS.233	0.00260750962772786	0.00100288831835687	0.193637676508344	0.146421694480103	0	0.612965340179718	0.000280808729139923	0.000120346598202824	0.0425625802310655	0.000120346598202824	0.000200577663671374
CS.325	0	0	0.0293885313048566	0.439950263311878	0	0.511644236395553	0.0148039789350497	2.92568753657109e-05	0.00416910473961381	1.46284376828555e-05	0
CS.308.0	0	0	0.0710968446933479	0.355791558530255	0	0.415926785958202	0.141818057642399	0	0.0151960114738424	0	6.8296680781314e-05
CS.347.0	0.000293136931589169	0.000989337144113444	0.060569418489612	0.205782125975596	0	0.667252940529845	0.0292404089260196	0	0.0358726320032245	0	0
CS.274	1.99096103689251e-05	9.95480518446254e-05	0.0579568757839409	0.204411969657754	0	0.639655961932825	0.0249666514026321	1.99096103689251e-05	0.0644075895434726	0	0.00846158440679316
CS.346	0	0.00164965748636936	0.206402907870823	0.138822871522438	0	0.590185935970921	0.00120229274430309	0	0.0608695652173913	0	0.000838808891374249
CS.228	0	0.000132850642664984	0.0363014381082069	0.151848284566077	0	0.798432362416553	0	0	0.0130857883025009	6.64253213324919e-05	0.000132850642664984
CS.345.0	0	6.54428847223586e-05	0.211347796210857	0.368247112332712	0	0.348254311050031	0.0564772095153954	0	0.0152809135826707	0	0.000327214423611793
CS.207	3.02407161001573e-05	6.04814322003145e-05	0.113856296117092	0.157463408733519	3.02407161001573e-05	0.566801741865247	0.13644611104391	3.02407161001573e-05	0.0246764243377283	3.02407161001573e-05	0.000272166444901415
CS.187	3.65063429770923e-05	0.00153326640503788	0.198649265309848	0.248060600529342	0	0.484457424477503	0.011864561467555	0.000675367345076207	0.0460162453226248	0	0.00870676280003651
CS.189	0.000221131307770554	0.00024324443854761	0.04588474636239	0.262504975454425	0.000928751492636327	0.522665959046482	0.133121047277874	6.63393923311662e-05	0.0320419264959533	4.42262615541108e-05	0.0014373535005086
CS.191	0.00296371857079841	0.000179201588001764	0.0276797529775033	0.417980811645346	0	0.511661887957653	0.0198362373180415	0.000385972651080723	0.0176444640494045	0.00164038376709307	0
CS.364	0	0.000341714838966882	0.0872511888828772	0.428083264515762	0	0.373722128883447	0	0	0.110544750405786	0	5.6952473161147e-05
CS.311	0	0	0.0985119758096602	0.364008912230445	0	0.506763746319726	0.00011936022917164	0	0.0304368584387682	0	0.00011936022917164
CS.304	0.000297477391718229	0	0.0642551166111376	0.263624464540695	0.000297477391718229	0.616789623988577	0	0	0.0535459305092813	0	0.00118990956687292
CS.331	0.00047849583427156	0.00016888088268408	0.128490204908804	0.229678000450349	0.00019702769646476	0.619736545823013	2.814681378068e-05	0.00033776176536816	0.0206879081287998	8.44404413420401e-05	0.00011258725512272
CS.194	0	1.25154879162964e-05	0.0746423699327918	0.297831065944106	0	0.602182701092602	0.000613258907898524	0	0.0247055731467691	0	1.25154879162964e-05
CS.319	0	0	0.0523167037973416	0.47260256827455	0	0.387769405992641	0	0	0.0871736463991589	0	0.00012515957846254
CS.152	0.0375475909150584	0.00175922279112511	0.0824209006170408	0.233714060653801	2.62570565839569e-05	0.584613364841801	0.00299330445057109	0.00110279637652619	0.0534068530917684	0.000131285282919785	0.00215307863988447
CS.361	0	0	0.150124069478908	0.289214817440624	0	0.5100584898972	0.000753278979085431	4.43105281814959e-05	0.0467476072314782	0	0.00305742644452322
CS.112	0	0	0.0215650480710722	0.420664476086163	0	0.521114762078618	0.00138736765242789	0.000146038700255568	0.0329317269076305	0	0.00219058050383352
CS.080	6.12876536021818e-05	0.000490301228817455	0.133913523120767	0.253761529739834	0	0.572028314895964	0.0167928170869978	3.06438268010909e-05	0.022921582447216	0	0
CS.158	0	0	0.0542406311637081	0.183537616229924	0	0.739468864468865	0.000316990701606086	0.000105663567202029	0.0217666948436179	0	0.000563539025077487
CS.322	0	1.89674139827776e-05	0.0928834262736618	0.293862144835173	0	0.593300709381283	9.48370699138879e-05	0	0.0197071431281059	0	0.000132771897879443
CS.320	0	0.000129246278784223	0.107166706158585	0.182215712039291	0	0.684337505115999	2.15410464640372e-05	0	0.0257630915709885	4.30820929280744e-05	0
CS.163	0	9.54228824072012e-05	0.296765164286396	0.14558351092592	0	0.538375902541429	0.000667960176850409	6.36152549381342e-05	0.0172397340882344	0.000127230509876268	0.00108145933394828
CS.339	1.74234240512946e-05	0.00151583789246263	0.0641878942049692	0.312280029271352	0	0.597623444959403	0	0	0.0243230999756072	0	1.74234240512946e-05
CS.227	0	0	0.0924514474166361	0.229644558446317	0	0.629864419201173	0.000183217295712715	0	0.0478563576401612	0	0
CS.343	0	0	0.142825393505203	0.318516969094807	1.30732625634053e-05	0.524525440568948	0.000156879150760864	0	0.0139491711551535	1.30732625634053e-05	0
CS.202	4.79248538291958e-05	4.79248538291958e-05	0.0879421067765743	0.30034505894757	9.58497076583916e-05	0.574523147704399	4.79248538291958e-05	0	0.0360394900795553	0	0.000910572222754721
CS.270	3.79528246389738e-05	9.48820615974344e-05	0.026699812133518	0.358445452302788	1.89764123194869e-05	0.572347571968044	1.89764123194869e-05	1.89764123194869e-05	0.0423173994724557	0	0
CS.262	0.000158252888115208	0	0.0146120166693042	0.26211953368149	0	0.700902041462257	0	0	0.0219444004853089	0	0.000105501925410139
CS.253	1.47564448773002e-05	1.47564448773002e-05	0.0397095931648147	0.317647232428763	0	0.474626293033482	0	2.95128897546003e-05	0.020895125946257	0	0.147033216757419
CS.393	0	0	0.0596912521440823	0.327272727272727	0	0.532590051457976	5.71755288736421e-05	0.000800457404230989	0.0715837621497999	0.0017724413950829	0.00623213264722699
CS.370	0	0.000700552658208142	0.0187203238110065	0.325173192184946	0	0.633260683428038	0	0	0.0217949715886978	0	0.000155678368490698
CS.390	2.74213008665131e-05	2.74213008665131e-05	0.0606147855654272	0.366046945267083	0	0.546547658220906	1.37106504332566e-05	0	0.000287923659098388	0	0.0264341340353186
CS.326	0.000210837022981235	0.000695762175838077	0.157959097617542	0.254901960784314	0.00191861690912924	0.463061353573688	2.10837022981236e-05	0	0.119186169091292	0	0.00202403542061986
CS.145	0.000664061017720943	9.48658596744204e-05	0.0826850832922248	0.313474746708155	0	0.578131522027853	1.89731719348841e-05	0.000493302470306986	0.0183091109171631	0	0.00610936136303267
CS.255	0.000385573614900937	2.96595088385336e-05	0.0855676829991695	0.202426147822992	2.96595088385336e-05	0.671016727962985	0.000207616561869735	0.000237276070708269	0.0400699964408589	0	2.96595088385336e-05
TFS.025	0	0	0.0871288468041934	0.299113966858302	0	0.55197835644234	0.000886033141697667	6.76361176868448e-06	0.0607981061887048	3.38180588434224e-05	5.41088941494758e-05
T.CS.008	0	4.41559588466464e-05	0.021224297552288	0.429549167660176	0	0.501700004415596	1.47186529488821e-05	0	0.0474529371071959	1.47186529488821e-05	0
T.CS.049	0	0.0011072077859945	0.0255477944694288	0.191587954672827	1.36692319258581e-05	0.617958636904192	0.0502891042552319	2.73384638517162e-05	0.113440955752696	0	0
T.CS.055	0	0.0130641782517616	0.100399923824034	0.169034469624833	0.0314606741573034	0.555513235574176	3.80879832412874e-05	0.000609407731860598	0.129727670919825	0.00015235193296515	0
T.CS.043	0	0.0298893591369761	0.0415562560438042	0.276514247679807	0.032727592399563	0.49671593806121	0.00970776244238763	0.000150702651110804	0.112725583030881	0	0
TFS.020	0.00119539601762355	0.00741999385224905	0.134464974896684	0.363861470678643	0.00363741931076881	0.35767102701595	0.00516581850473035	0.000947778271115817	0.119573755934287	1.70770859660508e-05	0.00476450698452816
TFS.022	0.0127036623979284	0.00561473676114295	0.0547757310053968	0.343511646092118	0	0.46856131984771	0.0233306413362561	0.00111525593200785	0.0891051032573165	0.00033329487623223	0.000615313617659501
T.CS.064	0.000157016683022571	0.00545632973503435	0.0513444553483808	0.281962708537782	0	0.632777232580962	0	0	0.026378802747792	0.00188420019627085	0
T.CS.061	0	0.00101875808538163	0.0435963777490298	0.386012289780078	0	0.517173350582148	0	1.61707632600259e-05	0.0519243208279431	0.000210219922380336	3.23415265200517e-05
TFS.027	0	0.000118013993087752	0.0105959706650931	0.410140773834612	0	0.470513360869932	0	0	0.108193542948664	0.000337182837393577	0.000101154851218073
T.CS.026	2.07129393732265e-05	0.000124277636239359	0.00669027941755215	0.423206777273763	0	0.484019967273556	0.0146440481368711	4.14258787464529e-05	0.0706725491414487	0	0.000559249363077114
TFS.021	6.70555890833501e-05	0.000603500301750151	0.0335948501307584	0.182994702608462	0	0.742506537919936	6.70555890833501e-05	0	0.0357406289814256	0	0.00442566887950111
T.CS.045	9.54745083062822e-05	0.0230284514034753	0.0340653045636815	0.422761122780218	0	0.474240977658965	0.000133664311628795	0.00026732862325759	0.0421042581630705	0.00322703838075234	0
T.CS.031	0.000972721505603722	0.00160710509621484	0.0315077183336858	0.385705223091563	0.00203002748995559	0.525734827659125	0.00401776274053711	0.000465214633114823	0.0479171072108268	0	4.22922393740749e-05
T.CS.066	0.00375348719249303	0.00388029419223941	0.106568602586863	0.297717474004565	0	0.489145320821709	0.000405782399188435	0.000253613999492772	0.0964747654070505	0.000329698199340604	0
T.CS.142	0	0.0422435308025745	0.026310258767897	0.355392092473401	0	0.49592801786418	0.00411138841455405	0	0.0759884408249048	1.31354262445816e-05	0
T.CS.141	0	0	0.031035795887281	0.365841584158416	0	0.537585681645088	5.71210967250571e-05	7.61614623000762e-05	0.0653846153846154	0	0
T.CS.157	0.000184764820778124	0.000290344718365623	0.0945731932640025	0.306181703003748	0.000105579897587499	0.474528849707016	0.00746977775431558	5.27899487937497e-05	0.116612996885393	0	0
T.CS.158	0.0153415728955297	0.00216749677181332	0.062565332349505	0.270952468794195	0.0409825985365554	0.448548853225112	0.00192153969132386	0.010898973129189	0.143946381356453	0.00262866629773105	0
T.CS.166	0.0226500566251416	0.000992687666904352	0.134669966304545	0.193070760454679	0.00457195587433413	0.473749702892776	0.00183157865302071	0.00373306488821778	0.163471890161207	0	0.0011744473805629
T.CS.109	0.00235523897058824	0.0227768841911765	0.085693359375	0.281436695772059	0.004638671875	0.476864085477941	0	1.43612132352941e-05	0.119729434742647	0.00168026194852941	7.18060661764706e-05
T.CS.151	0	0.0259181455994205	0.0409416877942774	0.333618254255704	1.44875045273452e-05	0.537805143064107	2.89750090546903e-05	7.24375226367258e-05	0.0608764940239044	0.000695400217312568	0
T.CS.152	0.00272697833756583	5.11308438293593e-05	0.0903311574318681	0.291190155608201	0	0.385833347536346	0.0181003187155932	0.010294343224311	0.177645595077804	0	0.0234349700884564
T.CS.095	0.00533470023161332	0.0123590386148764	0.03466605915632	0.349470326916505	0	0.475908417815241	3.7969396666287e-05	0.00112009720165547	0.120704712002126	0.000398678664996013	0
