PD_whole_tree	chao1	observed_otus	shannon	simpson
CS.092	84.14307	598.659574468	348	6.99543580558	0.983021041714
CS.277	69.93513	1059.56	422	6.99826226099	0.981864795886
CS.261	84.7791	1096.51923077	454	7.38640745197	0.987430453773
CS.104	66.29261	659.7	309	6.42033473396	0.970498311467
L.005.M1	70.963	1024.421875	457	7.01391595691	0.975874963445
L.001.M1	76.14962	674.833333333	354	6.61833056202	0.968494152031
CS.022	45.82996	489.444444444	225	5.91088745483	0.967185482082
L.007.M1	69.41397	1120.59677419	477	7.16661419094	0.981992396649
L.002.M1	46.70484	668.773584906	330	6.04703378152	0.96279566741
L.033.M1	62.57073	1082.625	468	6.966635126	0.980184211082
L.006.M1	65.54753	661.270833333	362	7.24298862949	0.987928227401
CS.295	60.26104	823.610169492	385	6.52059363954	0.969244078704
CS.106	71.28009	559.5	324	6.50326337233	0.973281575909
L.035.M1	55.71396	1107.38636364	400	6.85722159346	0.981181500328
L.012.M1	65.23339	965.32	406	7.06225621307	0.984788726015
CS.062	63.05917	793.777777778	321	6.3955299512	0.970645074121
CS.373	63.72245	956.784313725	385	6.37312539508	0.958786477542
CS.122	66.96008	592.7	302	6.40043786684	0.97152390805
CS.230	42.67571	561.027027027	271	5.86024907839	0.947471381827
CS.056	56.12641	668.625	269	6.37092230781	0.974595907325
CS.290	49.11392	675	334	6.25015827634	0.95688030504
CS.064	69.91233	564.756756757	298	6.60108838627	0.979089805897
CS.155	67.7537	843.1	408	7.22611250408	0.987524956728
CS.076	51.772	521.181818182	243	5.83708274666	0.964640434766
CS.327	56.35991	1193.625	403	6.35263509688	0.967896213981
CS.060	55.22339	626.913043478	251	6.1521974145	0.973900853336
CS.050	42.19777	394.058823529	189	5.91222707649	0.968157076976
CS.377	58.07419	711.72	345	6.72719928304	0.981058690037
CS.073	58.90019	688.571428571	302	6.52426661077	0.979663356087
CS.117	61.416	617.6	281	6.28119277593	0.974535373175
CS.374	55.49643	923.660377358	378	6.69097223461	0.980555254941
CS.128	70.82491	1293.68421053	475	7.10430674274	0.979665969072
CS.136	64.14091	552.825	299	6.56178134304	0.977852993033
CS.232	87.36415	833.12244898	398	7.12496767232	0.984138528267
CS.282	51.91179	1016.15789474	353	6.38992314933	0.972062182944
CS.203	59.31398	919.344262295	405	6.38679076113	0.962855330565
CS.378	47.24715	569.085714286	279	6.46954394962	0.979322797052
CS.041	50.89165	534.833333333	251	5.60514453667	0.932337408646
CS.125	51.33107	765.220338983	368	6.42363013852	0.964026818806
CS.376	55.0281	929.346938776	373	6.415152378	0.968378309699
CS.302	37.88055	655.59375	268	5.84781774126	0.959819042084
CS.380	73.08874	1110.59649123	464	7.29262079238	0.984911100809
CS.236	46.20137	433.166666667	210	5.55428021609	0.95268254476
CS.375	53.81888	1000.02040816	380	6.38446698704	0.97116331613
CS.292	64.59762	598.068181818	298	6.23962856774	0.966922441599
CS.182	78.28983	838.180722892	448	7.10242456785	0.983314567021
CS.256	57.61418	716.631578947	364	6.57085381868	0.974419530843
CS.183	49.17559	583.914893617	303	5.98932294483	0.956720477462
CS.254	62.16516	754.75	389	6.85870674223	0.977434915445
CS.323	72.60433	997.172413793	430	7.1232104629	0.985316984467
CS.349	74.49299	795.6	429	7.02620693026	0.980594885213
CS.359	38.89341	629.75	313	6.1070300499	0.968807274724
CS.268	59.68666	596.083333333	298	6.55616118203	0.977718859807
CS.181	64.41238	881.038461538	379	6.60629832305	0.973310318743
CS.372	57.11989	722.566037736	362	6.75957425621	0.979794440831
CS.177	47.46495	668.033898305	354	6.15596419519	0.956793205542
CS.369	48.5155	451	271	5.76314234833	0.957610198829
CS.389	53.36524	717.781818182	345	6.38418449585	0.97160360409
CS.348	64.66566	918.294117647	333	6.50149004386	0.97650164433
CS.214	57.23535	744.666666667	346	6.29829327614	0.97100392405
T.CS.029	80.9126	789.4	412	6.94437874091	0.976970239626
T.CS.012	50.08713	839.019230769	363	6.65453843847	0.980076207705
T.CS.003	71.68788	1045.52941176	467	7.03553985188	0.977866928952
T.CS.071	75.36113	1266.04761905	491	6.97095459806	0.97511153635
T.CS.016	64.4371	1012.55813953	384	6.9380758968	0.984133737794
T.CS.067	58.81348	1082.875	415	6.37526497002	0.963068724334
T.CS.035	76.21983	1083.65454545	438	7.05710720871	0.981128805132
T.CS.014	67.02432	855.022222222	372	6.6680817653	0.97373536429
T.CS.089	70.10242	889.05	419	6.78507802949	0.970583233477
T.CS.056	54.67527	866.294117647	327	6.30850200919	0.966642852212
T.CS.079	53.03933	636.966666667	344	6.60273114939	0.978379509495
T.CS.022	72.2385	969.081967213	434	7.12033643207	0.98170104883
T.CS.040	82.47706	1217.30434783	496	7.10084344328	0.98060577265
T.CS.034	72.15467	902.789473684	446	6.75874115741	0.972982824632
T.CS.020	80.23638	974.651162791	399	7.21685119092	0.986980149371
T.CS.100	87.11607	828.518518519	426	7.47301869175	0.988512665029
T.CS.144	74.32503	977.3	446	7.07943433156	0.978432640188
T.CS.111	64.07223	1353.78181818	466	6.74258506348	0.974117731084
T.CS.125	69.24193	1161.109375	465	6.79783827372	0.974414304873
T.CS.107	72.61591	1235.55223881	488	6.97809999867	0.978147824832
T.CS.118	71.5671	1012.68181818	446	7.07536981456	0.9835954629
T.CS.106	83.0265	801.554054054	430	6.87441342946	0.974452193154
T.CS.122	76.49354	1227.68493151	502	6.96681409584	0.977097404892
T.CS.139	82.92212	1050.20547945	488	7.27250025817	0.98383977699
T.CS.132	96.12883	922.630136986	479	7.25809727519	0.976359236651
T.CS.153	94.78263	798.096385542	464	7.22965710182	0.981313891564
T.CS.108	89.05924	970.538461538	419	7.15242853132	0.985449375703
T.CS.167	67.45713	1092.47761194	454	6.64247245951	0.969674350221
T.CS.115	92.23456	870.467741935	427	7.149093667	0.984338421613
T.CS.126	79.04796	1036.37333333	466	6.9746163331	0.980267391102
CS.242	73.69293	1106.54237288	435	6.62854487692	0.96826377386
L.034.M1	70.75508	1058.01587302	460	7.21846032357	0.984031395885
CS.088	40.29899	544.913043478	224	5.70294605883	0.957408127994
CS.356	35.34788	606.034482759	251	5.96774327889	0.970047136071
L.024.M1	56.79889	802.368421053	372	6.56552259482	0.975507403566
CS.237	57.98729	597.757575758	277	5.98425714399	0.957877158788
CS.246	72.58829	1082.61111111	425	6.81818603639	0.977180149415
CS.085	80.66386	677.960784314	376	7.1406687311	0.98487277703
CS.103	70.81369	545.630434783	328	6.92782641686	0.982591205694
CS.087	50.38845	781.75	295	5.78199966618	0.947000173546
CS.241	75.66734	726.2	368	6.85324627946	0.981113127223
CS.015	55.59772	709.317073171	312	5.93450621484	0.95455779694
CS.006	60.00565	727.487179487	319	6.23407554922	0.959827752034
CS.110	51.46509	583.4	248	5.88367919275	0.961447802687
CS.082	89.14972	719	410	7.08168303188	0.980971155042
CS.189	53.15177	700.923076923	297	6.12030120477	0.967521686142
CS.212	51.51703	783.568965517	372	6.52368319866	0.972152330924
CS.187	60.15305	960.222222222	375	6.40752613733	0.965895974022
CS.164	34.23974	265.1875	127	4.474847785	0.918791259304
CS.150	66.94112	824.529411765	365	6.447622457	0.972313900492
CS.363	57.88742	679.428571429	352	6.70540903014	0.978099920108
CS.330	57.16872	860.245283019	389	6.71392196499	0.973972710421
CS.233	64.39509	465.069767442	264	6.00055573421	0.962936333098
CS.336	62.30037	949.9	364	6.8173638144	0.982815922398
CS.207	46.48063	583.27027027	269	5.94464040511	0.962924139168
CS.387	64.93147	915.957746479	427	6.94966765719	0.982711838498
CS.347.0	43.29714	470.034482759	232	6.06462280369	0.969047669337
CS.078	56.3662	589.727272727	297	6.3682733954	0.975743443204
CS.113	52.11911	711.1	271	5.87817746828	0.959037759592
CS.308.0	46.10123	522.451612903	235	5.26081522864	0.933720548666
CS.321	59.33279	1066.12244898	400	6.50523760779	0.971733817839
CS.202	50.96405	914.645833333	366	6.07334563574	0.954360952076
CS.318	51.06444	945.837209302	365	6.64404594304	0.975062760632
CS.223	61.99983	848	386	6.74119286332	0.98001654455
CS.322	49.82949	778.019230769	356	6.5752519076	0.977547273797
CS.112	52.42753	423.823529412	241	5.87623492148	0.956752704276
CS.158	52.29032	487.75	237	6.1880105362	0.974004937235
CS.320	58.78536	1218.48648649	384	6.76643098394	0.981705839303
CS.319	53.9492	753.385964912	361	6.3871986511	0.967597462705
CS.285	38.21263	564.869565217	217	5.70768438952	0.966143772092
CS.163	48.48348	482.724137931	224	5.61125977418	0.957438177321
CS.194	40.20467	712.2	330	6.10918845056	0.964248487027
CS.339	42.78467	1062.26086957	298	5.93989961751	0.955460147734
CS.227	37.19008	544.565217391	213	5.53732353545	0.953009167875
CS.331	69.81227	900.166666667	402	6.84844477802	0.980614047102
CS.270	55.99204	780.738095238	335	6.42339109332	0.97373710628
CS.255	63.33195	817.3	386	6.79222140496	0.980752535303
CS.326	56.58978	797.32	350	6.40306491496	0.973306834763
CS.370	66.09111	965	421	6.862358157	0.978998786922
CS.145	76.54653	1125.64179104	474	7.01539840853	0.978578531847
CS.253	35.3477	452	193	5.19197465655	0.944494756501
CS.393	55.79994	678.096774194	278	6.02509040176	0.963987188535
CS.262	54.74726	845.833333333	404	6.64796585148	0.975349753476
CS.390	56.30072	733.5	376	6.48283351825	0.970498311467
TFS.027	63.11404	821.0625	432	6.63983654244	0.971030053899
T.CS.008	57.31252	887.5	436	6.58064120084	0.956473114889
T.CS.031	69.59732	1055.25	450	7.10036882505	0.982170950619
T.CS.036	73.66872	728.75	384	6.98749520503	0.980229067323
T.CS.043	62.43045	1125.4	417	6.89697890561	0.97904407866
TFS.022	85.35109	923.585365854	484	7.53049887882	0.988977776345
T.CS.049	50.15581	862.62	372	6.56196279248	0.974686055305
T.CS.026	47.56452	644.87755102	327	6.29978642405	0.972353966261
T.CS.061	64.21836	1020.47169811	419	6.95588355221	0.982369101976
TFS.020	74.43619	920	430	7.13757444011	0.984555299362
TFS.025	55.15351	777.637931034	381	6.71581603945	0.976676278822
T.CS.066	82.80711	1037.33333333	448	7.01610680501	0.979691227927
T.CS.055	68.59212	1196.28571429	433	6.76564831284	0.975867559988
T.CS.045	65.05925	893.169491525	403	6.35761728919	0.947492721204
T.CS.064	78.30626	1207.17808219	508	7.17147354262	0.977475852209
T.CS.158	79.81069	1075.36842105	497	7.07137945874	0.977147922601
T.CS.095	81.92477	1068.01408451	494	7.4123257758	0.984782193553
T.CS.166	78.041	1034.08333333	472	7.11500391965	0.980617531082
T.CS.141	57.93121	978.701754386	415	6.85157191148	0.979743487625
T.CS.142	61.04052	1043.50847458	428	6.72773244955	0.977238506078
T.CS.151	68.85297	1059.6557377	451	6.86014303146	0.976006919184
T.CS.157	60.1959	897.659574468	371	6.57682651712	0.974680829335
T.CS.152	71.33776	1121.63793103	453	6.84242072759	0.972753317457
T.CS.109	84.20443	1256.125	487	7.446466494	0.9877030752
