PD_whole_tree	chao1	observed_otus	shannon	simpson
CS.036	63.08862	541.03125	279	6.55065721303	0.978710923083
CS.143	67.21222	576.972972973	314	6.6797843935	0.974841527908
CS.005	87.21391	928.195652174	414	7.15163235249	0.982798937996
CS.257	71.43757	1174.38181818	454	6.94926444886	0.978245376269
CS.039	63.3587	645.636363636	323	6.48697468786	0.972185428733
CS.264	50.00241	428.5	240	5.26145135452	0.934977829912
CS.245	54.19798	903.20754717	380	6.39147229151	0.969663898282
CS.001	87.25172	715.595744681	369	7.09209359199	0.985096187241
L.001.M1	76.14962	674.833333333	354	6.61833056202	0.968494152031
L.004.M1	81.8203	1116.825	522	7.54829133652	0.987306336989
L.007.M1	69.41397	1120.59677419	477	7.16661419094	0.981992396649
CS.106	71.28009	559.5	324	6.50326337233	0.973281575909
CS.019	60.53423	750.527777778	308	6.20863252641	0.963951477741
CS.009	41.96573	407.117647059	221	5.88402514309	0.968875212332
CS.099	67.16284	808.386363636	347	6.18040036375	0.9539755368
CS.072	85.78439	1171.27083333	437	7.02835033787	0.981414491484
CS.067	35.34234	309.882352941	151	5.12352270866	0.944192956743
CS.335	33.76463	576.27027027	262	5.69736265406	0.956336804176
CS.305	77.52314	1076.62295082	459	7.06400878246	0.977686197495
CS.115	44.6346	385.681818182	187	5.64237523597	0.963870910706
CS.381	75.59578	1054.17021277	413	7.21553544724	0.987855499321
CS.042	50.70491	1049.64705882	273	6.18995964707	0.973014615949
CS.229	58.99669	688.53125	296	6.37016343859	0.972945371848
CS.056	56.12641	668.625	269	6.37092230781	0.974595907325
CS.153	75.75788	749.317073171	352	6.86003894222	0.982335133172
CS.371.1	54.09516	958.701754386	395	6.39048846079	0.967608350142
CS.365	65.80775	968.358490566	409	6.77474477719	0.973772817074
CS.367	35.51786	519.029411765	241	5.76612704329	0.963685824274
CS.058	66.93286	614.772727273	311	6.53618051833	0.977769377515
CS.377	58.07419	711.72	345	6.72719928304	0.981058690037
CS.375	53.81888	1000.02040816	380	6.38446698704	0.97116331613
CS.224	34.16981	560.84375	248	5.35862250666	0.923013407443
CS.041	50.89165	534.833333333	251	5.60514453667	0.932337408646
CS.213	43.6912	709.818181818	323	6.32848837632	0.970762222945
CS.236	46.20137	433.166666667	210	5.55428021609	0.95268254476
CS.205	50.88079	888	402	6.5871287965	0.971146767226
CS.376	55.0281	929.346938776	373	6.415152378	0.968378309699
CS.378	47.24715	569.085714286	279	6.46954394962	0.979322797052
CS.125	51.33107	765.220338983	368	6.42363013852	0.964026818806
CS.128	70.82491	1293.68421053	475	7.10430674274	0.979665969072
CS.232	87.36415	833.12244898	398	7.12496767232	0.984138528267
CS.380	73.08874	1110.59649123	464	7.29262079238	0.984911100809
CS.136	64.14091	552.825	299	6.56178134304	0.977852993033
CS.203	59.31398	919.344262295	405	6.38679076113	0.962855330565
CS.374	55.49643	923.660377358	378	6.69097223461	0.980555254941
CS.348	64.66566	918.294117647	333	6.50149004386	0.97650164433
CS.349	74.49299	795.6	429	7.02620693026	0.980594885213
CS.385	65.50113	890.038461538	388	6.87889430286	0.982373892448
CS.359	38.89341	629.75	313	6.1070300499	0.968807274724
CS.386	41.30146	534.125	279	5.56718084205	0.937366533629
CS.369	48.5155	451	271	5.76314234833	0.957610198829
CS.389	53.36524	717.781818182	345	6.38418449585	0.97160360409
CS.182	78.28983	838.180722892	448	7.10242456785	0.983314567021
CS.178	67.57516	702.666666667	358	6.77081022645	0.977249829013
CS.129	56.6716	935.459459459	348	6.71868482096	0.981093965333
CS.254	62.16516	754.75	389	6.85870674223	0.977434915445
CS.214	57.23535	744.666666667	346	6.29829327614	0.97100392405
CS.372	57.11989	722.566037736	362	6.75957425621	0.979794440831
CS.181	64.41238	881.038461538	379	6.60629832305	0.973310318743
CS.148	47.5661	486.766666667	303	6.14357379957	0.970204786161
T.CS.079	53.03933	636.966666667	344	6.60273114939	0.978379509495
T.CS.056	54.67527	866.294117647	327	6.30850200919	0.966642852212
T.CS.023	40.38898	499.666666667	268	6.13024106614	0.972092667768
T.CS.024	65.71117	1028.5	406	6.75847969423	0.976613567184
T.CS.057	48.4391	795.558139535	342	6.58019024863	0.978455721555
T.CS.089	70.10242	889.05	419	6.78507802949	0.970583233477
T.CS.001	51.28516	791.918367347	361	6.26814834108	0.959664440476
T.CS.028	75.67955	1309.42857143	487	7.08161433161	0.977649180209
TFS.023	59.44978	914.118644068	395	6.78833076827	0.980861409675
T.CS.050	64.39068	879.222222222	383	6.47567975545	0.968356099327
T.CS.022	72.2385	969.081967213	434	7.12033643207	0.98170104883
T.CS.062	71.71145	1043.19565217	404	6.73537592434	0.969595525176
T.CS.019	51.89856	844	329	6.03312979281	0.962033982304
T.CS.016	64.4371	1012.55813953	384	6.9380758968	0.984133737794
T.CS.041	72.69004	1195.2	449	6.88680315381	0.974470048551
T.CS.125	69.24193	1161.109375	465	6.79783827372	0.974414304873
T.CS.131	81.53118	1127.55882353	468	6.86189151315	0.974474839024
T.CS.104	88.68259	1167.47457627	467	6.90910636658	0.974018873155
T.CS.139	82.92212	1050.20547945	488	7.27250025817	0.98383977699
T.CS.102	79.21437	1029.43589744	481	6.92900697563	0.975910674239
T.CS.177	88.74864	894.338709677	424	6.955839021	0.977892187807
T.CS.180	72.78055	767.058823529	369	6.82958906007	0.981354828328
T.CS.097	79.35565	1027.38356164	473	6.90584544245	0.973073843607
T.CS.110	84.52998	1048.01587302	450	7.00845971088	0.979095902861
T.CS.092	87.55825	790.051724138	426	7.29315841023	0.976431529234
T.CS.126	79.04796	1036.37333333	466	6.9746163331	0.980267391102
T.CS.118	71.5671	1012.68181818	446	7.07536981456	0.9835954629
T.CS.120	73.60569	1351.02040816	460	7.04286832258	0.981471106157
T.CS.160	103.14494	1108.52173913	497	7.50177328134	0.988042327743
T.CS.144	74.32503	977.3	446	7.07943433156	0.978432640188
CS.006	60.00565	727.487179487	319	6.23407554922	0.959827752034
CS.085	80.66386	677.960784314	376	7.1406687311	0.98487277703
L.034.M1	70.75508	1058.01587302	460	7.21846032357	0.984031395885
CS.087	50.38845	781.75	295	5.78199966618	0.947000173546
CS.241	75.66734	726.2	368	6.85324627946	0.981113127223
CS.238	66.18718	604	310	6.78334257858	0.982936990699
CS.103	70.81369	545.630434783	328	6.92782641686	0.982591205694
L.024.M1	56.79889	802.368421053	372	6.56552259482	0.975507403566
CS.015	55.59772	709.317073171	312	5.93450621484	0.95455779694
CS.110	51.46509	583.4	248	5.88367919275	0.961447802687
CS.356	35.34788	606.034482759	251	5.96774327889	0.970047136071
CS.237	57.98729	597.757575758	277	5.98425714399	0.957877158788
CS.242	73.69293	1106.54237288	435	6.62854487692	0.96826377386
CS.088	40.29899	544.913043478	224	5.70294605883	0.957408127994
CS.246	72.58829	1082.61111111	425	6.81818603639	0.977180149415
CS.188	59.07432	1038.67164179	464	6.99794933946	0.97794009253
CS.212	51.51703	783.568965517	372	6.52368319866	0.972152330924
CS.311	57.14124	699.871794872	305	6.28005565622	0.971325756693
CS.330	57.16872	860.245283019	389	6.71392196499	0.973972710421
CS.044	53.45441	782.576923077	281	6.27449230745	0.972251624351
CS.347.0	43.29714	470.034482759	232	6.06462280369	0.969047669337
CS.078	56.3662	589.727272727	297	6.3682733954	0.975743443204
CS.233	64.39509	465.069767442	264	6.00055573421	0.962936333098
CS.164	34.23974	265.1875	127	4.474847785	0.918791259304
CS.274	52.58266	803.725806452	390	6.69418497968	0.973216686783
CS.325	33.53254	593.5625	249	5.50557691382	0.947953477545
CS.113	52.11911	711.1	271	5.87817746828	0.959037759592
CS.228	56.21136	460.108108108	254	6.01750865849	0.96295157551
CS.207	46.48063	583.27027027	269	5.94464040511	0.962924139168
CS.151	74.079	878.75	407	7.08866678888	0.983349842317
CS.343	44.51465	705.75	342	6.32668288632	0.966822277177
CS.319	53.9492	753.385964912	361	6.3871986511	0.967597462705
CS.285	38.21263	564.869565217	217	5.70768438952	0.966143772092
CS.202	50.96405	914.645833333	366	6.07334563574	0.954360952076
CS.158	52.29032	487.75	237	6.1880105362	0.974004937235
CS.339	42.78467	1062.26086957	298	5.93989961751	0.955460147734
CS.080	46.68489	562.387096774	253	6.1549317024	0.971206865879
CS.331	69.81227	900.166666667	402	6.84844477802	0.980614047102
CS.322	49.82949	778.019230769	356	6.5752519076	0.977547273797
CS.163	48.48348	482.724137931	224	5.61125977418	0.957438177321
CS.152	87.54165	1207.08196721	501	7.57518731551	0.989029600546
CS.227	37.19008	544.565217391	213	5.53732353545	0.953009167875
CS.321	59.33279	1066.12244898	400	6.50523760779	0.971733817839
CS.361	48.34804	846.65	329	6.0839114268	0.959404448476
CS.112	52.42753	423.823529412	241	5.87623492148	0.956752704276
CS.270	55.99204	780.738095238	335	6.42339109332	0.97373710628
CS.390	56.30072	733.5	376	6.48283351825	0.970498311467
CS.255	63.33195	817.3	386	6.79222140496	0.980752535303
CS.145	76.54653	1125.64179104	474	7.01539840853	0.978578531847
CS.393	55.79994	678.096774194	278	6.02509040176	0.963987188535
CS.326	56.58978	797.32	350	6.40306491496	0.973306834763
CS.253	35.3477	452	193	5.19197465655	0.944494756501
CS.370	66.09111	965	421	6.862358157	0.978998786922
CS.262	54.74726	845.833333333	404	6.64796585148	0.975349753476
TFS.020	74.43619	920	430	7.13757444011	0.984555299362
T.CS.043	62.43045	1125.4	417	6.89697890561	0.97904407866
T.CS.026	47.56452	644.87755102	327	6.29978642405	0.972353966261
TFS.025	55.15351	777.637931034	381	6.71581603945	0.976676278822
T.CS.049	50.15581	862.62	372	6.56196279248	0.974686055305
T.CS.031	69.59732	1055.25	450	7.10036882505	0.982170950619
T.CS.066	82.80711	1037.33333333	448	7.01610680501	0.979691227927
T.CS.055	68.59212	1196.28571429	433	6.76564831284	0.975867559988
T.CS.045	65.05925	893.169491525	403	6.35761728919	0.947492721204
T.CS.008	57.31252	887.5	436	6.58064120084	0.956473114889
T.CS.064	78.30626	1207.17808219	508	7.17147354262	0.977475852209
TFS.027	63.11404	821.0625	432	6.63983654244	0.971030053899
T.CS.061	64.21836	1020.47169811	419	6.95588355221	0.982369101976
TFS.022	85.35109	923.585365854	484	7.53049887882	0.988977776345
T.CS.036	73.66872	728.75	384	6.98749520503	0.980229067323
T.CS.141	57.93121	978.701754386	415	6.85157191148	0.979743487625
T.CS.142	61.04052	1043.50847458	428	6.72773244955	0.977238506078
T.CS.109	84.20443	1256.125	487	7.446466494	0.9877030752
T.CS.157	60.1959	897.659574468	371	6.57682651712	0.974680829335
T.CS.151	68.85297	1059.6557377	451	6.86014303146	0.976006919184
T.CS.166	78.041	1034.08333333	472	7.11500391965	0.980617531082
T.CS.158	79.81069	1075.36842105	497	7.07137945874	0.977147922601
T.CS.152	71.33776	1121.63793103	453	6.84242072759	0.972753317457
T.CS.095	81.92477	1068.01408451	494	7.4123257758	0.984782193553
