PD_whole_tree	chao1	observed_otus	shannon	simpson
CS.086	76.85528	752.487179487	344	6.6584794928	0.974132537999
CS.093	77.93923	608.101694915	353	6.83245033616	0.97778766841
L.031.M1	85.97143	843.337837838	446	7.18369394995	0.982809389936
CS.104	66.29261	659.7	309	6.42033473396	0.970498311467
CS.280	83.39063	1210.08064516	477	7.04841912914	0.979812731725
CS.016	51.76786	496.214285714	258	6.21159425564	0.964744954163
CS.108	59.3289	433.8	256	5.54618793642	0.925806688327
CS.028	77.99057	596.826086957	334	6.79842140871	0.980433315645
CS.043	64.34857	730	315	6.74331503581	0.979833635605
L.033.M1	62.57073	1082.625	468	6.966635126	0.980184211082
CS.099	67.16284	808.386363636	347	6.18040036375	0.9539755368
L.011.M1	57.58105	829.125	303	6.31546578459	0.973151797657
CS.260	59.33226	720.333333333	338	6.4665581437	0.972846078421
CS.009	41.96573	407.117647059	221	5.88402514309	0.968875212332
L.035.M1	55.71396	1107.38636364	400	6.85722159346	0.981181500328
CS.122	66.96008	592.7	302	6.40043786684	0.97152390805
CS.067	35.34234	309.882352941	151	5.12352270866	0.944192956743
CS.064	69.91233	564.756756757	298	6.60108838627	0.979089805897
CS.229	58.99669	688.53125	296	6.37016343859	0.972945371848
CS.334	46.2462	583	303	6.41928034707	0.974082891285
CS.077	61.69042	787.818181818	331	6.10392871738	0.957011389784
CS.230	42.67571	561.027027027	271	5.86024907839	0.947471381827
CS.153	75.75788	749.317073171	352	6.86003894222	0.982335133172
CS.301	68.72994	923.15625	429	7.04717846796	0.981761582981
CS.060	55.22339	626.913043478	251	6.1521974145	0.973900853336
CS.076	51.772	521.181818182	243	5.83708274666	0.964640434766
CS.115	44.6346	385.681818182	187	5.64237523597	0.963870910706
CS.287	59.87732	796.4	338	6.69591888841	0.980349700127
CS.073	58.90019	688.571428571	302	6.52426661077	0.979663356087
CS.248	72.61941	781.153846154	340	6.86956514619	0.98420907886
CS.213	43.6912	709.818181818	323	6.32848837632	0.970762222945
CS.203	59.31398	919.344262295	405	6.38679076113	0.962855330565
CS.376	55.0281	929.346938776	373	6.415152378	0.968378309699
CS.282	51.91179	1016.15789474	353	6.38992314933	0.972062182944
CS.126	72.30157	1211.87301587	476	7.0231210093	0.978482286902
CS.232	87.36415	833.12244898	398	7.12496767232	0.984138528267
CS.205	50.88079	888	402	6.5871287965	0.971146767226
CS.136	64.14091	552.825	299	6.56178134304	0.977852993033
CS.236	46.20137	433.166666667	210	5.55428021609	0.95268254476
CS.224	34.16981	560.84375	248	5.35862250666	0.923013407443
CS.374	55.49643	923.660377358	378	6.69097223461	0.980555254941
CS.041	50.89165	534.833333333	251	5.60514453667	0.932337408646
CS.292	64.59762	598.068181818	298	6.23962856774	0.966922441599
CS.302	37.88055	655.59375	268	5.84781774126	0.959819042084
CS.128	70.82491	1293.68421053	475	7.10430674274	0.979665969072
CS.182	78.28983	838.180722892	448	7.10242456785	0.983314567021
CS.181	64.41238	881.038461538	379	6.60629832305	0.973310318743
CS.386	41.30146	534.125	279	5.56718084205	0.937366533629
CS.369	48.5155	451	271	5.76314234833	0.957610198829
CS.254	62.16516	754.75	389	6.85870674223	0.977434915445
CS.372	57.11989	722.566037736	362	6.75957425621	0.979794440831
CS.385	65.50113	890.038461538	388	6.87889430286	0.982373892448
CS.348	64.66566	918.294117647	333	6.50149004386	0.97650164433
CS.214	57.23535	744.666666667	346	6.29829327614	0.97100392405
CS.177	47.46495	668.033898305	354	6.15596419519	0.956793205542
CS.359	38.89341	629.75	313	6.1070300499	0.968807274724
CS.166	66.26063	928.5	376	6.78491363107	0.979089805897
CS.129	56.6716	935.459459459	348	6.71868482096	0.981093965333
CS.268	59.68666	596.083333333	298	6.55616118203	0.977718859807
CS.395	68.90364	852.01754386	402	7.00537435368	0.984435537553
T.CS.024	65.71117	1028.5	406	6.75847969423	0.976613567184
T.CS.042	85.55983	1109.50704225	507	7.39830215795	0.983956490317
T.CS.020	80.23638	974.651162791	399	7.21685119092	0.986980149371
T.CS.001	51.28516	791.918367347	361	6.26814834108	0.959664440476
T.CS.085	67.32207	1189.93617021	423	6.75640819582	0.974365964652
T.CS.007	48.22489	745.765957447	335	6.23828935331	0.967427618684
TFS.024	57.08813	893.622222222	368	6.64555195495	0.97649990234
T.CS.041	72.69004	1195.2	449	6.88680315381	0.974470048551
T.CS.071	75.36113	1266.04761905	491	6.97095459806	0.97511153635
T.CS.052	61.68187	710.631578947	358	6.74864951566	0.98111878869
TFS.023	59.44978	914.118644068	395	6.78833076827	0.980861409675
T.CS.059	69.90013	526.411764706	316	6.58201432311	0.977206714762
T.CS.082	68.62443	973.185185185	406	6.64423600989	0.971670235206
T.CS.019	51.89856	844	329	6.03312979281	0.962033982304
T.CS.072	85.50214	843.153846154	438	7.24228384431	0.983714353714
T.CS.106	83.0265	801.554054054	430	6.87441342946	0.974452193154
T.CS.121	77.30013	1093.88888889	451	7.26419737759	0.986044700769
T.CS.120	73.60569	1351.02040816	460	7.04286832258	0.981471106157
T.CS.131	81.53118	1127.55882353	468	6.86189151315	0.974474839024
T.CS.100	87.11607	828.518518519	426	7.47301869175	0.988512665029
T.CS.119	93.59639	864.126760563	450	7.2913131846	0.985620961713
T.CS.104	88.68259	1167.47457627	467	6.90910636658	0.974018873155
T.CS.178	86.36602	914.050847458	432	7.21062976028	0.984780451563
T.CS.124	83.22163	896.25	408	7.08558195097	0.979719099766
T.CS.116	65.95387	635.9375	296	6.41060627964	0.969754917257
T.CS.139	82.92212	1050.20547945	488	7.27250025817	0.98383977699
T.CS.097	79.35565	1027.38356164	473	6.90584544245	0.973073843607
T.CS.126	79.04796	1036.37333333	466	6.9746163331	0.980267391102
T.CS.128	86.10473	1189.06976744	430	7.01123743532	0.977528982902
T.CS.098	84.25026	984.278688525	445	7.09317344419	0.982979669453
CS.242	73.69293	1106.54237288	435	6.62854487692	0.96826377386
L.034.M1	70.75508	1058.01587302	460	7.21846032357	0.984031395885
CS.082	89.14972	719	410	7.08168303188	0.980971155042
CS.085	80.66386	677.960784314	376	7.1406687311	0.98487277703
CS.246	72.58829	1082.61111111	425	6.81818603639	0.977180149415
CS.238	66.18718	604	310	6.78334257858	0.982936990699
CS.110	51.46509	583.4	248	5.88367919275	0.961447802687
CS.006	60.00565	727.487179487	319	6.23407554922	0.959827752034
CS.087	50.38845	781.75	295	5.78199966618	0.947000173546
L.024.M1	56.79889	802.368421053	372	6.56552259482	0.975507403566
CS.015	55.59772	709.317073171	312	5.93450621484	0.95455779694
CS.356	35.34788	606.034482759	251	5.96774327889	0.970047136071
CS.103	70.81369	545.630434783	328	6.92782641686	0.982591205694
CS.241	75.66734	726.2	368	6.85324627946	0.981113127223
CS.088	40.29899	544.913043478	224	5.70294605883	0.957408127994
CS.338	59.59067	761.9	341	6.63836859261	0.977309056671
CS.274	52.58266	803.725806452	390	6.69418497968	0.973216686783
CS.330	57.16872	860.245283019	389	6.71392196499	0.973972710421
CS.207	46.48063	583.27027027	269	5.94464040511	0.962924139168
CS.233	64.39509	465.069767442	264	6.00055573421	0.962936333098
CS.358	36.71331	589.146341463	275	5.4880058848	0.937236755378
CS.311	57.14124	699.871794872	305	6.28005565622	0.971325756693
CS.336	62.30037	949.9	364	6.8173638144	0.982815922398
CS.078	56.3662	589.727272727	297	6.3682733954	0.975743443204
CS.325	33.53254	593.5625	249	5.50557691382	0.947953477545
CS.189	53.15177	700.923076923	297	6.12030120477	0.967521686142
CS.187	60.15305	960.222222222	375	6.40752613733	0.965895974022
CS.165	47.92018	880.625	275	6.05074099901	0.969080767146
CS.191	74.677	1144.9	440	7.05419639048	0.979959494379
CS.150	66.94112	824.529411765	365	6.447622457	0.972313900492
CS.331	69.81227	900.166666667	402	6.84844477802	0.980614047102
CS.318	51.06444	945.837209302	365	6.64404594304	0.975062760632
CS.285	38.21263	564.869565217	217	5.70768438952	0.966143772092
CS.322	49.82949	778.019230769	356	6.5752519076	0.977547273797
CS.339	42.78467	1062.26086957	298	5.93989961751	0.955460147734
CS.112	52.42753	423.823529412	241	5.87623492148	0.956752704276
CS.320	58.78536	1218.48648649	384	6.76643098394	0.981705839303
CS.152	87.54165	1207.08196721	501	7.57518731551	0.989029600546
CS.080	46.68489	562.387096774	253	6.1549317024	0.971206865879
CS.194	40.20467	712.2	330	6.10918845056	0.964248487027
CS.321	59.33279	1066.12244898	400	6.50523760779	0.971733817839
CS.319	53.9492	753.385964912	361	6.3871986511	0.967597462705
CS.343	44.51465	705.75	342	6.32668288632	0.966822277177
CS.227	37.19008	544.565217391	213	5.53732353545	0.953009167875
CS.158	52.29032	487.75	237	6.1880105362	0.974004937235
CS.255	63.33195	817.3	386	6.79222140496	0.980752535303
CS.370	66.09111	965	421	6.862358157	0.978998786922
CS.262	54.74726	845.833333333	404	6.64796585148	0.975349753476
CS.326	56.58978	797.32	350	6.40306491496	0.973306834763
CS.393	55.79994	678.096774194	278	6.02509040176	0.963987188535
CS.253	35.3477	452	193	5.19197465655	0.944494756501
CS.145	76.54653	1125.64179104	474	7.01539840853	0.978578531847
CS.270	55.99204	780.738095238	335	6.42339109332	0.97373710628
CS.390	56.30072	733.5	376	6.48283351825	0.970498311467
TFS.020	74.43619	920	430	7.13757444011	0.984555299362
T.CS.026	47.56452	644.87755102	327	6.29978642405	0.972353966261
TFS.021	74.06193	1249.06521739	589	7.7528956303	0.9875297472
T.CS.008	57.31252	887.5	436	6.58064120084	0.956473114889
TFS.025	55.15351	777.637931034	381	6.71581603945	0.976676278822
T.CS.061	64.21836	1020.47169811	419	6.95588355221	0.982369101976
TFS.027	63.11404	821.0625	432	6.63983654244	0.971030053899
T.CS.031	69.59732	1055.25	450	7.10036882505	0.982170950619
T.CS.045	65.05925	893.169491525	403	6.35761728919	0.947492721204
T.CS.049	50.15581	862.62	372	6.56196279248	0.974686055305
TFS.022	85.35109	923.585365854	484	7.53049887882	0.988977776345
T.CS.066	82.80711	1037.33333333	448	7.01610680501	0.979691227927
T.CS.043	62.43045	1125.4	417	6.89697890561	0.97904407866
T.CS.064	78.30626	1207.17808219	508	7.17147354262	0.977475852209
T.CS.036	73.66872	728.75	384	6.98749520503	0.980229067323
T.CS.109	84.20443	1256.125	487	7.446466494	0.9877030752
T.CS.141	57.93121	978.701754386	415	6.85157191148	0.979743487625
T.CS.095	81.92477	1068.01408451	494	7.4123257758	0.984782193553
T.CS.151	68.85297	1059.6557377	451	6.86014303146	0.976006919184
T.CS.152	71.33776	1121.63793103	453	6.84242072759	0.972753317457
T.CS.142	61.04052	1043.50847458	428	6.72773244955	0.977238506078
T.CS.158	79.81069	1075.36842105	497	7.07137945874	0.977147922601
T.CS.157	60.1959	897.659574468	371	6.57682651712	0.974680829335
T.CS.166	78.041	1034.08333333	472	7.11500391965	0.980617531082
