PD_whole_tree	chao1	observed_otus	shannon	simpson
CS.038	51.52944	592.8	282	6.07038893117	0.957079327392
CS.357	64.97559	1038.96875	446	6.73440810114	0.973225396733
CS.313	79.00583	925.982142857	435	7.31479954166	0.986734528788
CS.108	59.3289	433.8	256	5.54618793642	0.925806688327
CS.257	71.43757	1174.38181818	454	6.94926444886	0.978245376269
CS.244	63.61954	489.161290323	274	6.76268413751	0.983052833031
CS.092	84.14307	598.659574468	348	6.99543580558	0.983021041714
CS.028	77.99057	596.826086957	334	6.79842140871	0.980433315645
CS.091	55.72078	684.24	255	6.066246071	0.972315642482
CS.011	89.33032	631.105263158	364	6.85376449652	0.976287379566
L.004.M1	81.8203	1116.825	522	7.54829133652	0.987306336989
CS.059	74.0919	587	347	6.95487231785	0.983263613815
CS.104	66.29261	659.7	309	6.42033473396	0.970498311467
CS.086	76.85528	752.487179487	344	6.6584794928	0.974132537999
L.008.M1	48.26063	775.4	342	6.22021006954	0.960181811491
CS.368	79.21084	1118.78846154	441	7.18501345283	0.984324485694
CS.373	63.72245	956.784313725	385	6.37312539508	0.958786477542
CS.154	30.01407	460	156	4.85330479262	0.935241741389
CS.118	58.82064	683.090909091	283	5.9547534053	0.959999338044
CS.077	61.69042	787.818181818	331	6.10392871738	0.957011389784
CS.062	63.05917	793.777777778	321	6.3955299512	0.970645074121
CS.381	75.59578	1054.17021277	413	7.21553544724	0.987855499321
CS.058	66.93286	614.772727273	311	6.53618051833	0.977769377515
CS.064	69.91233	564.756756757	298	6.60108838627	0.979089805897
CS.066	52.22094	475.090909091	244	6.01373183012	0.967176336634
CS.365	65.80775	968.358490566	409	6.77474477719	0.973772817074
CS.040	61.12304	719	304	6.11328587049	0.962114984837
CS.230	42.67571	561.027027027	271	5.86024907839	0.947471381827
CS.335	33.76463	576.27027027	262	5.69736265406	0.956336804176
CS.248	72.61941	781.153846154	340	6.86956514619	0.98420907886
CS.378	47.24715	569.085714286	279	6.46954394962	0.979322797052
CS.375	53.81888	1000.02040816	380	6.38446698704	0.97116331613
CS.205	50.88079	888	402	6.5871287965	0.971146767226
CS.232	87.36415	833.12244898	398	7.12496767232	0.984138528267
CS.224	34.16981	560.84375	248	5.35862250666	0.923013407443
CS.282	51.91179	1016.15789474	353	6.38992314933	0.972062182944
CS.380	73.08874	1110.59649123	464	7.29262079238	0.984911100809
CS.126	72.30157	1211.87301587	476	7.0231210093	0.978482286902
CS.125	51.33107	765.220338983	368	6.42363013852	0.964026818806
CS.236	46.20137	433.166666667	210	5.55428021609	0.95268254476
CS.203	59.31398	919.344262295	405	6.38679076113	0.962855330565
CS.128	70.82491	1293.68421053	475	7.10430674274	0.979665969072
CS.374	55.49643	923.660377358	378	6.69097223461	0.980555254941
CS.136	64.14091	552.825	299	6.56178134304	0.977852993033
CS.213	43.6912	709.818181818	323	6.32848837632	0.970762222945
CS.349	74.49299	795.6	429	7.02620693026	0.980594885213
CS.323	72.60433	997.172413793	430	7.1232104629	0.985316984467
CS.254	62.16516	754.75	389	6.85870674223	0.977434915445
CS.268	59.68666	596.083333333	298	6.55616118203	0.977718859807
CS.389	53.36524	717.781818182	345	6.38418449585	0.97160360409
CS.256	57.61418	716.631578947	364	6.57085381868	0.974419530843
CS.359	38.89341	629.75	313	6.1070300499	0.968807274724
CS.386	41.30146	534.125	279	5.56718084205	0.937366533629
CS.183	49.17559	583.914893617	303	5.98932294483	0.956720477462
CS.369	48.5155	451	271	5.76314234833	0.957610198829
CS.385	65.50113	890.038461538	388	6.87889430286	0.982373892448
CS.182	78.28983	838.180722892	448	7.10242456785	0.983314567021
CS.177	47.46495	668.033898305	354	6.15596419519	0.956793205542
CS.214	57.23535	744.666666667	346	6.29829327614	0.97100392405
CS.147	58.42932	847.230769231	406	6.74398006229	0.977459303304
T.CS.058	66.55328	897.37254902	381	6.65214767477	0.976433706722
T.CS.041	72.69004	1195.2	449	6.88680315381	0.974470048551
T.CS.062	71.71145	1043.19565217	404	6.73537592434	0.969595525176
T.CS.034	72.15467	902.789473684	446	6.75874115741	0.972982824632
T.CS.003	71.68788	1045.52941176	467	7.03553985188	0.977866928952
T.CS.089	70.10242	889.05	419	6.78507802949	0.970583233477
TFS.023	59.44978	914.118644068	395	6.78833076827	0.980861409675
T.CS.020	80.23638	974.651162791	399	7.21685119092	0.986980149371
T.CS.029	80.9126	789.4	412	6.94437874091	0.976970239626
T.CS.050	64.39068	879.222222222	383	6.47567975545	0.968356099327
T.CS.035	76.21983	1083.65454545	438	7.05710720871	0.981128805132
T.CS.052	61.68187	710.631578947	358	6.74864951566	0.98111878869
T.CS.059	69.90013	526.411764706	316	6.58201432311	0.977206714762
T.CS.082	68.62443	973.185185185	406	6.64423600989	0.971670235206
T.CS.048	60.09315	1007	378	7.03084269579	0.985694125291
T.CS.123	67.52862	1208.12244898	428	6.78750719617	0.977747602641
T.CS.124	83.22163	896.25	408	7.08558195097	0.979719099766
T.CS.104	88.68259	1167.47457627	467	6.90910636658	0.974018873155
T.CS.167	67.45713	1092.47761194	454	6.64247245951	0.969674350221
T.CS.119	93.59639	864.126760563	450	7.2913131846	0.985620961713
T.CS.100	87.11607	828.518518519	426	7.47301869175	0.988512665029
T.CS.161	92.08494	1140.5	466	7.32759871853	0.986926147683
T.CS.115	92.23456	870.467741935	427	7.149093667	0.984338421613
T.CS.106	83.0265	801.554054054	430	6.87441342946	0.974452193154
T.CS.180	72.78055	767.058823529	369	6.82958906007	0.981354828328
T.CS.107	72.61591	1235.55223881	488	6.97809999867	0.978147824832
T.CS.144	74.32503	977.3	446	7.07943433156	0.978432640188
T.CS.114	84.63574	712.080645161	407	6.91773303372	0.968194965257
T.CS.132	96.12883	922.630136986	479	7.25809727519	0.976359236651
T.CS.128	86.10473	1189.06976744	430	7.01123743532	0.977528982902
L.024.M1	56.79889	802.368421053	372	6.56552259482	0.975507403566
CS.110	51.46509	583.4	248	5.88367919275	0.961447802687
CS.006	60.00565	727.487179487	319	6.23407554922	0.959827752034
CS.356	35.34788	606.034482759	251	5.96774327889	0.970047136071
L.034.M1	70.75508	1058.01587302	460	7.21846032357	0.984031395885
CS.241	75.66734	726.2	368	6.85324627946	0.981113127223
CS.085	80.66386	677.960784314	376	7.1406687311	0.98487277703
CS.015	55.59772	709.317073171	312	5.93450621484	0.95455779694
CS.088	40.29899	544.913043478	224	5.70294605883	0.957408127994
CS.246	72.58829	1082.61111111	425	6.81818603639	0.977180149415
CS.242	73.69293	1106.54237288	435	6.62854487692	0.96826377386
CS.237	57.98729	597.757575758	277	5.98425714399	0.957877158788
CS.103	70.81369	545.630434783	328	6.92782641686	0.982591205694
CS.082	89.14972	719	410	7.08168303188	0.980971155042
CS.238	66.18718	604	310	6.78334257858	0.982936990699
CS.346	39.3207	472.666666667	209	5.35391085463	0.943672537245
CS.187	60.15305	960.222222222	375	6.40752613733	0.965895974022
CS.189	53.15177	700.923076923	297	6.12030120477	0.967521686142
CS.347.0	43.29714	470.034482759	232	6.06462280369	0.969047669337
CS.387	64.93147	915.957746479	427	6.94966765719	0.982711838498
CS.325	33.53254	593.5625	249	5.50557691382	0.947953477545
CS.304	50.77043	666.95	295	6.06768128883	0.9621907614
CS.188	59.07432	1038.67164179	464	6.99794933946	0.97794009253
CS.151	74.079	878.75	407	7.08866678888	0.983349842317
CS.207	46.48063	583.27027027	269	5.94464040511	0.962924139168
CS.165	47.92018	880.625	275	6.05074099901	0.969080767146
CS.212	51.51703	783.568965517	372	6.52368319866	0.972152330924
CS.330	57.16872	860.245283019	389	6.71392196499	0.973972710421
CS.311	57.14124	699.871794872	305	6.28005565622	0.971325756693
CS.233	64.39509	465.069767442	264	6.00055573421	0.962936333098
CS.194	40.20467	712.2	330	6.10918845056	0.964248487027
CS.319	53.9492	753.385964912	361	6.3871986511	0.967597462705
CS.343	44.51465	705.75	342	6.32668288632	0.966822277177
CS.318	51.06444	945.837209302	365	6.64404594304	0.975062760632
CS.285	38.21263	564.869565217	217	5.70768438952	0.966143772092
CS.158	52.29032	487.75	237	6.1880105362	0.974004937235
CS.080	46.68489	562.387096774	253	6.1549317024	0.971206865879
CS.152	87.54165	1207.08196721	501	7.57518731551	0.989029600546
CS.361	48.34804	846.65	329	6.0839114268	0.959404448476
CS.163	48.48348	482.724137931	224	5.61125977418	0.957438177321
CS.202	50.96405	914.645833333	366	6.07334563574	0.954360952076
CS.331	69.81227	900.166666667	402	6.84844477802	0.980614047102
CS.320	58.78536	1218.48648649	384	6.76643098394	0.981705839303
CS.112	52.42753	423.823529412	241	5.87623492148	0.956752704276
CS.322	49.82949	778.019230769	356	6.5752519076	0.977547273797
CS.262	54.74726	845.833333333	404	6.64796585148	0.975349753476
CS.370	66.09111	965	421	6.862358157	0.978998786922
CS.393	55.79994	678.096774194	278	6.02509040176	0.963987188535
CS.145	76.54653	1125.64179104	474	7.01539840853	0.978578531847
CS.270	55.99204	780.738095238	335	6.42339109332	0.97373710628
CS.390	56.30072	733.5	376	6.48283351825	0.970498311467
CS.253	35.3477	452	193	5.19197465655	0.944494756501
CS.326	56.58978	797.32	350	6.40306491496	0.973306834763
CS.255	63.33195	817.3	386	6.79222140496	0.980752535303
T.CS.055	68.59212	1196.28571429	433	6.76564831284	0.975867559988
TFS.021	74.06193	1249.06521739	589	7.7528956303	0.9875297472
T.CS.026	47.56452	644.87755102	327	6.29978642405	0.972353966261
T.CS.061	64.21836	1020.47169811	419	6.95588355221	0.982369101976
TFS.020	74.43619	920	430	7.13757444011	0.984555299362
T.CS.031	69.59732	1055.25	450	7.10036882505	0.982170950619
TFS.027	63.11404	821.0625	432	6.63983654244	0.971030053899
T.CS.064	78.30626	1207.17808219	508	7.17147354262	0.977475852209
T.CS.043	62.43045	1125.4	417	6.89697890561	0.97904407866
TFS.022	85.35109	923.585365854	484	7.53049887882	0.988977776345
T.CS.045	65.05925	893.169491525	403	6.35761728919	0.947492721204
T.CS.036	73.66872	728.75	384	6.98749520503	0.980229067323
T.CS.066	82.80711	1037.33333333	448	7.01610680501	0.979691227927
T.CS.008	57.31252	887.5	436	6.58064120084	0.956473114889
T.CS.049	50.15581	862.62	372	6.56196279248	0.974686055305
T.CS.109	84.20443	1256.125	487	7.446466494	0.9877030752
T.CS.166	78.041	1034.08333333	472	7.11500391965	0.980617531082
T.CS.095	81.92477	1068.01408451	494	7.4123257758	0.984782193553
T.CS.142	61.04052	1043.50847458	428	6.72773244955	0.977238506078
T.CS.158	79.81069	1075.36842105	497	7.07137945874	0.977147922601
T.CS.157	60.1959	897.659574468	371	6.57682651712	0.974680829335
T.CS.152	71.33776	1121.63793103	453	6.84242072759	0.972753317457
T.CS.141	57.93121	978.701754386	415	6.85157191148	0.979743487625
T.CS.151	68.85297	1059.6557377	451	6.86014303146	0.976006919184
