PD_whole_tree	chao1	observed_otus	shannon	simpson
CS.028	77.99057	596.826086957	334	6.79842140871	0.980433315645
L.036.M1	71.89136	945.529411765	411	6.99718833886	0.97921914865
CS.037	47.27508	483	241	5.91222752467	0.964095191912
CS.172	57.76873	817.214285714	292	6.16415533253	0.967703288594
L.002.M1	46.70484	668.773584906	330	6.04703378152	0.96279566741
CS.263	67.48583	864.714285714	355	6.24074837262	0.965915571409
CS.022	45.82996	489.444444444	225	5.91088745483	0.967185482082
CS.357	64.97559	1038.96875	446	6.73440810114	0.973225396733
L.008.M1	48.26063	775.4	342	6.22021006954	0.960181811491
CS.002	67.60068	474	288	6.56685328249	0.977021192832
CS.176	71.62528	995.12195122	375	6.50851256646	0.964899555771
CS.007	65.82883	842.01754386	380	6.40182612807	0.962483415711
CS.277	69.93513	1059.56	422	6.99826226099	0.981864795886
CS.009	41.96573	407.117647059	221	5.88402514309	0.968875212332
CS.017	60.60506	613.25	302	5.71078691957	0.929080322939
CS.073	58.90019	688.571428571	302	6.52426661077	0.979663356087
CS.360	60.72465	880.1	414	7.09051462288	0.984522201553
CS.287	59.87732	796.4	338	6.69591888841	0.980349700127
CS.371.1	54.09516	958.701754386	395	6.39048846079	0.967608350142
CS.335	33.76463	576.27027027	262	5.69736265406	0.956336804176
CS.064	69.91233	564.756756757	298	6.60108838627	0.979089805897
CS.065	60.62497	907.45	343	6.38383497062	0.971754286221
CS.341	52.44954	789.288461538	351	6.25779382049	0.963905750505
CS.063	54.01978	440.222222222	238	6.04233026265	0.961222650486
CS.373	63.72245	956.784313725	385	6.37312539508	0.958786477542
CS.077	61.69042	787.818181818	331	6.10392871738	0.957011389784
CS.062	63.05917	793.777777778	321	6.3955299512	0.970645074121
CS.186	84.44578	925.430769231	435	7.02103401701	0.98178422885
CS.058	66.93286	614.772727273	311	6.53618051833	0.977769377515
CS.115	44.6346	385.681818182	187	5.64237523597	0.963870910706
CS.224	34.16981	560.84375	248	5.35862250666	0.923013407443
CS.236	46.20137	433.166666667	210	5.55428021609	0.95268254476
CS.375	53.81888	1000.02040816	380	6.38446698704	0.97116331613
CS.126	72.30157	1211.87301587	476	7.0231210093	0.978482286902
CS.041	50.89165	534.833333333	251	5.60514453667	0.932337408646
CS.376	55.0281	929.346938776	373	6.415152378	0.968378309699
CS.378	47.24715	569.085714286	279	6.46954394962	0.979322797052
CS.302	37.88055	655.59375	268	5.84781774126	0.959819042084
CS.213	43.6912	709.818181818	323	6.32848837632	0.970762222945
CS.374	55.49643	923.660377358	378	6.69097223461	0.980555254941
CS.205	50.88079	888	402	6.5871287965	0.971146767226
CS.380	73.08874	1110.59649123	464	7.29262079238	0.984911100809
CS.125	51.33107	765.220338983	368	6.42363013852	0.964026818806
CS.203	59.31398	919.344262295	405	6.38679076113	0.962855330565
CS.282	51.91179	1016.15789474	353	6.38992314933	0.972062182944
CS.386	41.30146	534.125	279	5.56718084205	0.937366533629
CS.268	59.68666	596.083333333	298	6.55616118203	0.977718859807
CS.178	67.57516	702.666666667	358	6.77081022645	0.977249829013
CS.385	65.50113	890.038461538	388	6.87889430286	0.982373892448
CS.129	56.6716	935.459459459	348	6.71868482096	0.981093965333
CS.254	62.16516	754.75	389	6.85870674223	0.977434915445
CS.372	57.11989	722.566037736	362	6.75957425621	0.979794440831
CS.323	72.60433	997.172413793	430	7.1232104629	0.985316984467
CS.182	78.28983	838.180722892	448	7.10242456785	0.983314567021
CS.369	48.5155	451	271	5.76314234833	0.957610198829
CS.166	66.26063	928.5	376	6.78491363107	0.979089805897
CS.181	64.41238	881.038461538	379	6.60629832305	0.973310318743
CS.256	57.61418	716.631578947	364	6.57085381868	0.974419530843
CS.349	74.49299	795.6	429	7.02620693026	0.980594885213
CS.148	47.5661	486.766666667	303	6.14357379957	0.970204786161
T.CS.056	54.67527	866.294117647	327	6.30850200919	0.966642852212
TFS.024	57.08813	893.622222222	368	6.64555195495	0.97649990234
T.CS.035	76.21983	1083.65454545	438	7.05710720871	0.981128805132
T.CS.012	50.08713	839.019230769	363	6.65453843847	0.980076207705
T.CS.041	72.69004	1195.2	449	6.88680315381	0.974470048551
T.CS.048	60.09315	1007	378	7.03084269579	0.985694125291
T.CS.050	64.39068	879.222222222	383	6.47567975545	0.968356099327
T.CS.040	82.47706	1217.30434783	496	7.10084344328	0.98060577265
T.CS.024	65.71117	1028.5	406	6.75847969423	0.976613567184
T.CS.029	80.9126	789.4	412	6.94437874091	0.976970239626
T.CS.071	75.36113	1266.04761905	491	6.97095459806	0.97511153635
T.CS.004	69.63832	1299.5	497	7.23067328989	0.984696836045
T.CS.019	51.89856	844	329	6.03312979281	0.962033982304
T.CS.052	61.68187	710.631578947	358	6.74864951566	0.98111878869
T.CS.042	85.55983	1109.50704225	507	7.39830215795	0.983956490317
T.CS.167	67.45713	1092.47761194	454	6.64247245951	0.969674350221
T.CS.104	88.68259	1167.47457627	467	6.90910636658	0.974018873155
T.CS.160	103.14494	1108.52173913	497	7.50177328134	0.988042327743
T.CS.097	79.35565	1027.38356164	473	6.90584544245	0.973073843607
T.CS.125	69.24193	1161.109375	465	6.79783827372	0.974414304873
T.CS.091	85.16412	1180.25	494	7.30643276004	0.984324921191
T.CS.180	72.78055	767.058823529	369	6.82958906007	0.981354828328
T.CS.131	81.53118	1127.55882353	468	6.86189151315	0.974474839024
T.CS.144	74.32503	977.3	446	7.07943433156	0.978432640188
T.CS.105	90.85852	720.303571429	386	7.05814609918	0.983396876046
T.CS.117	62.96756	1080.01886792	410	6.52233215633	0.971533053497
T.CS.102	79.21437	1029.43589744	481	6.92900697563	0.975910674239
T.CS.122	76.49354	1227.68493151	502	6.96681409584	0.977097404892
T.CS.118	71.5671	1012.68181818	446	7.07536981456	0.9835954629
T.CS.116	65.95387	635.9375	296	6.41060627964	0.969754917257
CS.241	75.66734	726.2	368	6.85324627946	0.981113127223
CS.246	72.58829	1082.61111111	425	6.81818603639	0.977180149415
CS.088	40.29899	544.913043478	224	5.70294605883	0.957408127994
CS.085	80.66386	677.960784314	376	7.1406687311	0.98487277703
L.034.M1	70.75508	1058.01587302	460	7.21846032357	0.984031395885
CS.242	73.69293	1106.54237288	435	6.62854487692	0.96826377386
CS.237	57.98729	597.757575758	277	5.98425714399	0.957877158788
CS.356	35.34788	606.034482759	251	5.96774327889	0.970047136071
CS.103	70.81369	545.630434783	328	6.92782641686	0.982591205694
CS.006	60.00565	727.487179487	319	6.23407554922	0.959827752034
CS.087	50.38845	781.75	295	5.78199966618	0.947000173546
CS.082	89.14972	719	410	7.08168303188	0.980971155042
CS.238	66.18718	604	310	6.78334257858	0.982936990699
CS.015	55.59772	709.317073171	312	5.93450621484	0.95455779694
L.024.M1	56.79889	802.368421053	372	6.56552259482	0.975507403566
CS.078	56.3662	589.727272727	297	6.3682733954	0.975743443204
CS.228	56.21136	460.108108108	254	6.01750865849	0.96295157551
CS.304	50.77043	666.95	295	6.06768128883	0.9621907614
CS.347.0	43.29714	470.034482759	232	6.06462280369	0.969047669337
CS.151	74.079	878.75	407	7.08866678888	0.983349842317
CS.363	57.88742	679.428571429	352	6.70540903014	0.978099920108
CS.164	34.23974	265.1875	127	4.474847785	0.918791259304
CS.330	57.16872	860.245283019	389	6.71392196499	0.973972710421
CS.191	74.677	1144.9	440	7.05419639048	0.979959494379
CS.187	60.15305	960.222222222	375	6.40752613733	0.965895974022
CS.150	66.94112	824.529411765	365	6.447622457	0.972313900492
CS.358	36.71331	589.146341463	275	5.4880058848	0.937236755378
CS.364	43.52221	580.181818182	319	6.22348126099	0.969224481317
CS.044	53.45441	782.576923077	281	6.27449230745	0.972251624351
CS.189	53.15177	700.923076923	297	6.12030120477	0.967521686142
CS.285	38.21263	564.869565217	217	5.70768438952	0.966143772092
CS.223	61.99983	848	386	6.74119286332	0.98001654455
CS.319	53.9492	753.385964912	361	6.3871986511	0.967597462705
CS.080	46.68489	562.387096774	253	6.1549317024	0.971206865879
CS.322	49.82949	778.019230769	356	6.5752519076	0.977547273797
CS.158	52.29032	487.75	237	6.1880105362	0.974004937235
CS.112	52.42753	423.823529412	241	5.87623492148	0.956752704276
CS.152	87.54165	1207.08196721	501	7.57518731551	0.989029600546
CS.318	51.06444	945.837209302	365	6.64404594304	0.975062760632
CS.339	42.78467	1062.26086957	298	5.93989961751	0.955460147734
CS.202	50.96405	914.645833333	366	6.07334563574	0.954360952076
CS.320	58.78536	1218.48648649	384	6.76643098394	0.981705839303
CS.343	44.51465	705.75	342	6.32668288632	0.966822277177
CS.227	37.19008	544.565217391	213	5.53732353545	0.953009167875
CS.163	48.48348	482.724137931	224	5.61125977418	0.957438177321
CS.262	54.74726	845.833333333	404	6.64796585148	0.975349753476
CS.270	55.99204	780.738095238	335	6.42339109332	0.97373710628
CS.255	63.33195	817.3	386	6.79222140496	0.980752535303
CS.326	56.58978	797.32	350	6.40306491496	0.973306834763
CS.370	66.09111	965	421	6.862358157	0.978998786922
CS.145	76.54653	1125.64179104	474	7.01539840853	0.978578531847
CS.253	35.3477	452	193	5.19197465655	0.944494756501
CS.390	56.30072	733.5	376	6.48283351825	0.970498311467
CS.393	55.79994	678.096774194	278	6.02509040176	0.963987188535
TFS.025	55.15351	777.637931034	381	6.71581603945	0.976676278822
T.CS.045	65.05925	893.169491525	403	6.35761728919	0.947492721204
T.CS.064	78.30626	1207.17808219	508	7.17147354262	0.977475852209
T.CS.049	50.15581	862.62	372	6.56196279248	0.974686055305
TFS.022	85.35109	923.585365854	484	7.53049887882	0.988977776345
T.CS.036	73.66872	728.75	384	6.98749520503	0.980229067323
T.CS.008	57.31252	887.5	436	6.58064120084	0.956473114889
T.CS.055	68.59212	1196.28571429	433	6.76564831284	0.975867559988
T.CS.061	64.21836	1020.47169811	419	6.95588355221	0.982369101976
TFS.021	74.06193	1249.06521739	589	7.7528956303	0.9875297472
T.CS.026	47.56452	644.87755102	327	6.29978642405	0.972353966261
T.CS.043	62.43045	1125.4	417	6.89697890561	0.97904407866
T.CS.066	82.80711	1037.33333333	448	7.01610680501	0.979691227927
T.CS.031	69.59732	1055.25	450	7.10036882505	0.982170950619
TFS.020	74.43619	920	430	7.13757444011	0.984555299362
T.CS.141	57.93121	978.701754386	415	6.85157191148	0.979743487625
T.CS.166	78.041	1034.08333333	472	7.11500391965	0.980617531082
T.CS.158	79.81069	1075.36842105	497	7.07137945874	0.977147922601
T.CS.152	71.33776	1121.63793103	453	6.84242072759	0.972753317457
T.CS.095	81.92477	1068.01408451	494	7.4123257758	0.984782193553
T.CS.157	60.1959	897.659574468	371	6.57682651712	0.974680829335
T.CS.109	84.20443	1256.125	487	7.446466494	0.9877030752
T.CS.151	68.85297	1059.6557377	451	6.86014303146	0.976006919184
T.CS.142	61.04052	1043.50847458	428	6.72773244955	0.977238506078
