PD_whole_tree	chao1	observed_otus	shannon	simpson
L.035.M1	55.71396	1107.38636364	400	6.85722159346	0.981181500328
L.006.M1	65.54753	661.270833333	362	7.24298862949	0.987928227401
CS.296	75.7059	1219.23809524	493	7.25488836903	0.983416473433
CS.094	49.85586	923.689655172	298	5.56849439107	0.931827876586
CS.354	60.82721	1116.7755102	419	6.82118206902	0.974552793074
CS.264	50.00241	428.5	240	5.26145135452	0.934977829912
CS.104	66.29261	659.7	309	6.42033473396	0.970498311467
CS.143	67.21222	576.972972973	314	6.6797843935	0.974841527908
L.022.M1	93.75942	990	476	7.53865164893	0.988110700848
CS.105	69.69049	700.127659574	338	6.35411311319	0.961236586405
CS.039	63.3587	645.636363636	323	6.48697468786	0.972185428733
CS.003	73.62033	813.384615385	353	6.6694939346	0.975165538039
CS.002	67.60068	474	288	6.56685328249	0.977021192832
CS.244	63.61954	489.161290323	274	6.76268413751	0.983052833031
CS.243	59.8319	635.375	338	6.42809629799	0.96690327971
CS.056	56.12641	668.625	269	6.37092230781	0.974595907325
CS.377	58.07419	711.72	345	6.72719928304	0.981058690037
CS.077	61.69042	787.818181818	331	6.10392871738	0.957011389784
CS.067	35.34234	309.882352941	151	5.12352270866	0.944192956743
CS.381	75.59578	1054.17021277	413	7.21553544724	0.987855499321
CS.335	33.76463	576.27027027	262	5.69736265406	0.956336804176
CS.365	65.80775	968.358490566	409	6.77474477719	0.973772817074
CS.062	63.05917	793.777777778	321	6.3955299512	0.970645074121
CS.367	35.51786	519.029411765	241	5.76612704329	0.963685824274
CS.042	50.70491	1049.64705882	273	6.18995964707	0.973014615949
CS.171	62.12473	644.375	302	6.02866622131	0.944641083657
CS.117	61.416	617.6	281	6.28119277593	0.974535373175
CS.161	48.61543	484.303030303	238	5.83257989884	0.963981962565
CS.066	52.22094	475.090909091	244	6.01373183012	0.967176336634
CS.153	75.75788	749.317073171	352	6.86003894222	0.982335133172
CS.380	73.08874	1110.59649123	464	7.29262079238	0.984911100809
CS.125	51.33107	765.220338983	368	6.42363013852	0.964026818806
CS.374	55.49643	923.660377358	378	6.69097223461	0.980555254941
CS.378	47.24715	569.085714286	279	6.46954394962	0.979322797052
CS.041	50.89165	534.833333333	251	5.60514453667	0.932337408646
CS.224	34.16981	560.84375	248	5.35862250666	0.923013407443
CS.282	51.91179	1016.15789474	353	6.38992314933	0.972062182944
CS.128	70.82491	1293.68421053	475	7.10430674274	0.979665969072
CS.136	64.14091	552.825	299	6.56178134304	0.977852993033
CS.292	64.59762	598.068181818	298	6.23962856774	0.966922441599
CS.302	37.88055	655.59375	268	5.84781774126	0.959819042084
CS.126	72.30157	1211.87301587	476	7.0231210093	0.978482286902
CS.375	53.81888	1000.02040816	380	6.38446698704	0.97116331613
CS.213	43.6912	709.818181818	323	6.32848837632	0.970762222945
CS.236	46.20137	433.166666667	210	5.55428021609	0.95268254476
CS.178	67.57516	702.666666667	358	6.77081022645	0.977249829013
CS.386	41.30146	534.125	279	5.56718084205	0.937366533629
CS.183	49.17559	583.914893617	303	5.98932294483	0.956720477462
CS.389	53.36524	717.781818182	345	6.38418449585	0.97160360409
CS.214	57.23535	744.666666667	346	6.29829327614	0.97100392405
CS.385	65.50113	890.038461538	388	6.87889430286	0.982373892448
CS.254	62.16516	754.75	389	6.85870674223	0.977434915445
CS.348	64.66566	918.294117647	333	6.50149004386	0.97650164433
CS.369	48.5155	451	271	5.76314234833	0.957610198829
CS.268	59.68666	596.083333333	298	6.55616118203	0.977718859807
CS.129	56.6716	935.459459459	348	6.71868482096	0.981093965333
CS.148	47.5661	486.766666667	303	6.14357379957	0.970204786161
CS.166	66.26063	928.5	376	6.78491363107	0.979089805897
CS.256	57.61418	716.631578947	364	6.57085381868	0.974419530843
CS.177	47.46495	668.033898305	354	6.15596419519	0.956793205542
T.CS.071	75.36113	1266.04761905	491	6.97095459806	0.97511153635
T.CS.067	58.81348	1082.875	415	6.37526497002	0.963068724334
T.CS.046	61.19318	896.6875	381	6.59680931078	0.973229751708
T.CS.079	53.03933	636.966666667	344	6.60273114939	0.978379509495
T.CS.019	51.89856	844	329	6.03312979281	0.962033982304
T.CS.080	61.42408	798.571428571	395	6.7836253576	0.977380042761
T.CS.024	65.71117	1028.5	406	6.75847969423	0.976613567184
T.CS.057	48.4391	795.558139535	342	6.58019024863	0.978455721555
T.CS.050	64.39068	879.222222222	383	6.47567975545	0.968356099327
TFS.023	59.44978	914.118644068	395	6.78833076827	0.980861409675
T.CS.014	67.02432	855.022222222	372	6.6680817653	0.97373536429
TFS.024	57.08813	893.622222222	368	6.64555195495	0.97649990234
T.CS.082	68.62443	973.185185185	406	6.64423600989	0.971670235206
T.CS.025	66.86535	1078.41176471	408	6.7995361445	0.98035971657
T.CS.007	48.22489	745.765957447	335	6.23828935331	0.967427618684
T.CS.102	79.21437	1029.43589744	481	6.92900697563	0.975910674239
T.CS.091	85.16412	1180.25	494	7.30643276004	0.984324921191
T.CS.161	92.08494	1140.5	466	7.32759871853	0.986926147683
T.CS.114	84.63574	712.080645161	407	6.91773303372	0.968194965257
T.CS.121	77.30013	1093.88888889	451	7.26419737759	0.986044700769
T.CS.125	69.24193	1161.109375	465	6.79783827372	0.974414304873
T.CS.144	74.32503	977.3	446	7.07943433156	0.978432640188
T.CS.131	81.53118	1127.55882353	468	6.86189151315	0.974474839024
T.CS.106	83.0265	801.554054054	430	6.87441342946	0.974452193154
T.CS.111	64.07223	1353.78181818	466	6.74258506348	0.974117731084
T.CS.153	94.78263	798.096385542	464	7.22965710182	0.981313891564
T.CS.156	69.50112	1160	445	6.79265970547	0.973552455346
T.CS.139	82.92212	1050.20547945	488	7.27250025817	0.98383977699
T.CS.130	78.76038	1044.78846154	422	7.04628516855	0.983254903865
T.CS.128	86.10473	1189.06976744	430	7.01123743532	0.977528982902
CS.015	55.59772	709.317073171	312	5.93450621484	0.95455779694
CS.241	75.66734	726.2	368	6.85324627946	0.981113127223
CS.082	89.14972	719	410	7.08168303188	0.980971155042
CS.103	70.81369	545.630434783	328	6.92782641686	0.982591205694
CS.087	50.38845	781.75	295	5.78199966618	0.947000173546
CS.085	80.66386	677.960784314	376	7.1406687311	0.98487277703
L.024.M1	56.79889	802.368421053	372	6.56552259482	0.975507403566
CS.110	51.46509	583.4	248	5.88367919275	0.961447802687
L.034.M1	70.75508	1058.01587302	460	7.21846032357	0.984031395885
CS.088	40.29899	544.913043478	224	5.70294605883	0.957408127994
CS.356	35.34788	606.034482759	251	5.96774327889	0.970047136071
CS.237	57.98729	597.757575758	277	5.98425714399	0.957877158788
CS.006	60.00565	727.487179487	319	6.23407554922	0.959827752034
CS.242	73.69293	1106.54237288	435	6.62854487692	0.96826377386
CS.238	66.18718	604	310	6.78334257858	0.982936990699
CS.212	51.51703	783.568965517	372	6.52368319866	0.972152330924
CS.336	62.30037	949.9	364	6.8173638144	0.982815922398
CS.387	64.93147	915.957746479	427	6.94966765719	0.982711838498
CS.364	43.52221	580.181818182	319	6.22348126099	0.969224481317
CS.187	60.15305	960.222222222	375	6.40752613733	0.965895974022
CS.207	46.48063	583.27027027	269	5.94464040511	0.962924139168
CS.113	52.11911	711.1	271	5.87817746828	0.959037759592
CS.164	34.23974	265.1875	127	4.474847785	0.918791259304
CS.151	74.079	878.75	407	7.08866678888	0.983349842317
CS.191	74.677	1144.9	440	7.05419639048	0.979959494379
CS.358	36.71331	589.146341463	275	5.4880058848	0.937236755378
CS.189	53.15177	700.923076923	297	6.12030120477	0.967521686142
CS.304	50.77043	666.95	295	6.06768128883	0.9621907614
CS.325	33.53254	593.5625	249	5.50557691382	0.947953477545
CS.311	57.14124	699.871794872	305	6.28005565622	0.971325756693
CS.361	48.34804	846.65	329	6.0839114268	0.959404448476
CS.318	51.06444	945.837209302	365	6.64404594304	0.975062760632
CS.322	49.82949	778.019230769	356	6.5752519076	0.977547273797
CS.331	69.81227	900.166666667	402	6.84844477802	0.980614047102
CS.163	48.48348	482.724137931	224	5.61125977418	0.957438177321
CS.319	53.9492	753.385964912	361	6.3871986511	0.967597462705
CS.112	52.42753	423.823529412	241	5.87623492148	0.956752704276
CS.152	87.54165	1207.08196721	501	7.57518731551	0.989029600546
CS.285	38.21263	564.869565217	217	5.70768438952	0.966143772092
CS.194	40.20467	712.2	330	6.10918845056	0.964248487027
CS.080	46.68489	562.387096774	253	6.1549317024	0.971206865879
CS.223	61.99983	848	386	6.74119286332	0.98001654455
CS.343	44.51465	705.75	342	6.32668288632	0.966822277177
CS.158	52.29032	487.75	237	6.1880105362	0.974004937235
CS.320	58.78536	1218.48648649	384	6.76643098394	0.981705839303
CS.255	63.33195	817.3	386	6.79222140496	0.980752535303
CS.393	55.79994	678.096774194	278	6.02509040176	0.963987188535
CS.270	55.99204	780.738095238	335	6.42339109332	0.97373710628
CS.145	76.54653	1125.64179104	474	7.01539840853	0.978578531847
CS.262	54.74726	845.833333333	404	6.64796585148	0.975349753476
CS.253	35.3477	452	193	5.19197465655	0.944494756501
CS.370	66.09111	965	421	6.862358157	0.978998786922
CS.326	56.58978	797.32	350	6.40306491496	0.973306834763
CS.390	56.30072	733.5	376	6.48283351825	0.970498311467
T.CS.043	62.43045	1125.4	417	6.89697890561	0.97904407866
T.CS.055	68.59212	1196.28571429	433	6.76564831284	0.975867559988
T.CS.008	57.31252	887.5	436	6.58064120084	0.956473114889
T.CS.045	65.05925	893.169491525	403	6.35761728919	0.947492721204
TFS.020	74.43619	920	430	7.13757444011	0.984555299362
TFS.022	85.35109	923.585365854	484	7.53049887882	0.988977776345
T.CS.066	82.80711	1037.33333333	448	7.01610680501	0.979691227927
T.CS.061	64.21836	1020.47169811	419	6.95588355221	0.982369101976
TFS.027	63.11404	821.0625	432	6.63983654244	0.971030053899
TFS.025	55.15351	777.637931034	381	6.71581603945	0.976676278822
T.CS.049	50.15581	862.62	372	6.56196279248	0.974686055305
T.CS.064	78.30626	1207.17808219	508	7.17147354262	0.977475852209
TFS.021	74.06193	1249.06521739	589	7.7528956303	0.9875297472
T.CS.026	47.56452	644.87755102	327	6.29978642405	0.972353966261
T.CS.031	69.59732	1055.25	450	7.10036882505	0.982170950619
T.CS.109	84.20443	1256.125	487	7.446466494	0.9877030752
T.CS.141	57.93121	978.701754386	415	6.85157191148	0.979743487625
T.CS.158	79.81069	1075.36842105	497	7.07137945874	0.977147922601
T.CS.151	68.85297	1059.6557377	451	6.86014303146	0.976006919184
T.CS.152	71.33776	1121.63793103	453	6.84242072759	0.972753317457
T.CS.157	60.1959	897.659574468	371	6.57682651712	0.974680829335
T.CS.166	78.041	1034.08333333	472	7.11500391965	0.980617531082
T.CS.095	81.92477	1068.01408451	494	7.4123257758	0.984782193553
T.CS.142	61.04052	1043.50847458	428	6.72773244955	0.977238506078
