PD_whole_tree	chao1	observed_otus	shannon	simpson
CS.219	71.51617	504.9375	308	6.37588193349	0.967133222383
CS.104	66.29261	659.7	309	6.42033473396	0.970498311467
L.005.M1	70.963	1024.421875	457	7.01391595691	0.975874963445
L.022.M1	93.75942	990	476	7.53865164893	0.988110700848
CS.093	77.93923	608.101694915	353	6.83245033616	0.97778766841
CS.357	64.97559	1038.96875	446	6.73440810114	0.973225396733
CS.217	73.89318	626.8	337	6.76226083092	0.975092809958
CS.035	65.71162	685.135135135	315	6.36193399321	0.965595480755
CS.005	87.21391	928.195652174	414	7.15163235249	0.982798937996
CS.313	79.00583	925.982142857	435	7.31479954166	0.986734528788
CS.043	64.34857	730	315	6.74331503581	0.979833635605
CS.354	60.82721	1116.7755102	419	6.82118206902	0.974552793074
CS.084	84.86866	616.188679245	364	7.15972677409	0.985506861372
CS.297	67.1433	1048.953125	443	6.77684726875	0.975110229858
CS.002	67.60068	474	288	6.56685328249	0.977021192832
CS.360	60.72465	880.1	414	7.09051462288	0.984522201553
CS.137	62.84043	551.246153846	338	6.61935329435	0.9750335823
CS.290	49.11392	675	334	6.25015827634	0.95688030504
CS.365	65.80775	968.358490566	409	6.77474477719	0.973772817074
CS.064	69.91233	564.756756757	298	6.60108838627	0.979089805897
CS.062	63.05917	793.777777778	321	6.3955299512	0.970645074121
CS.122	66.96008	592.7	302	6.40043786684	0.97152390805
CS.067	35.34234	309.882352941	151	5.12352270866	0.944192956743
CS.153	75.75788	749.317073171	352	6.86003894222	0.982335133172
CS.287	59.87732	796.4	338	6.69591888841	0.980349700127
CS.381	75.59578	1054.17021277	413	7.21553544724	0.987855499321
CS.161	48.61543	484.303030303	238	5.83257989884	0.963981962565
CS.077	61.69042	787.818181818	331	6.10392871738	0.957011389784
CS.368	79.21084	1118.78846154	441	7.18501345283	0.984324485694
CS.065	60.62497	907.45	343	6.38383497062	0.971754286221
CS.224	34.16981	560.84375	248	5.35862250666	0.923013407443
CS.380	73.08874	1110.59649123	464	7.29262079238	0.984911100809
CS.128	70.82491	1293.68421053	475	7.10430674274	0.979665969072
CS.378	47.24715	569.085714286	279	6.46954394962	0.979322797052
CS.213	43.6912	709.818181818	323	6.32848837632	0.970762222945
CS.125	51.33107	765.220338983	368	6.42363013852	0.964026818806
CS.376	55.0281	929.346938776	373	6.415152378	0.968378309699
CS.203	59.31398	919.344262295	405	6.38679076113	0.962855330565
CS.292	64.59762	598.068181818	298	6.23962856774	0.966922441599
CS.236	46.20137	433.166666667	210	5.55428021609	0.95268254476
CS.232	87.36415	833.12244898	398	7.12496767232	0.984138528267
CS.302	37.88055	655.59375	268	5.84781774126	0.959819042084
CS.126	72.30157	1211.87301587	476	7.0231210093	0.978482286902
CS.205	50.88079	888	402	6.5871287965	0.971146767226
CS.282	51.91179	1016.15789474	353	6.38992314933	0.972062182944
CS.386	41.30146	534.125	279	5.56718084205	0.937366533629
CS.183	49.17559	583.914893617	303	5.98932294483	0.956720477462
CS.147	58.42932	847.230769231	406	6.74398006229	0.977459303304
CS.268	59.68666	596.083333333	298	6.55616118203	0.977718859807
CS.389	53.36524	717.781818182	345	6.38418449585	0.97160360409
CS.182	78.28983	838.180722892	448	7.10242456785	0.983314567021
CS.323	72.60433	997.172413793	430	7.1232104629	0.985316984467
CS.166	66.26063	928.5	376	6.78491363107	0.979089805897
CS.349	74.49299	795.6	429	7.02620693026	0.980594885213
CS.369	48.5155	451	271	5.76314234833	0.957610198829
CS.254	62.16516	754.75	389	6.85870674223	0.977434915445
CS.372	57.11989	722.566037736	362	6.75957425621	0.979794440831
CS.181	64.41238	881.038461538	379	6.60629832305	0.973310318743
CS.129	56.6716	935.459459459	348	6.71868482096	0.981093965333
CS.256	57.61418	716.631578947	364	6.57085381868	0.974419530843
T.CS.020	80.23638	974.651162791	399	7.21685119092	0.986980149371
T.CS.014	67.02432	855.022222222	372	6.6680817653	0.97373536429
T.CS.035	76.21983	1083.65454545	438	7.05710720871	0.981128805132
TFS.024	57.08813	893.622222222	368	6.64555195495	0.97649990234
T.CS.079	53.03933	636.966666667	344	6.60273114939	0.978379509495
T.CS.052	61.68187	710.631578947	358	6.74864951566	0.98111878869
T.CS.004	69.63832	1299.5	497	7.23067328989	0.984696836045
T.CS.029	80.9126	789.4	412	6.94437874091	0.976970239626
T.CS.057	48.4391	795.558139535	342	6.58019024863	0.978455721555
T.CS.028	75.67955	1309.42857143	487	7.08161433161	0.977649180209
T.CS.040	82.47706	1217.30434783	496	7.10084344328	0.98060577265
T.CS.059	69.90013	526.411764706	316	6.58201432311	0.977206714762
T.CS.025	66.86535	1078.41176471	408	6.7995361445	0.98035971657
T.CS.007	48.22489	745.765957447	335	6.23828935331	0.967427618684
T.CS.069	75.43499	1044	482	7.25459416347	0.982750597775
T.CS.126	79.04796	1036.37333333	466	6.9746163331	0.980267391102
T.CS.116	65.95387	635.9375	296	6.41060627964	0.969754917257
T.CS.161	92.08494	1140.5	466	7.32759871853	0.986926147683
T.CS.102	79.21437	1029.43589744	481	6.92900697563	0.975910674239
T.CS.107	72.61591	1235.55223881	488	6.97809999867	0.978147824832
T.CS.114	84.63574	712.080645161	407	6.91773303372	0.968194965257
T.CS.180	72.78055	767.058823529	369	6.82958906007	0.981354828328
T.CS.156	69.50112	1160	445	6.79265970547	0.973552455346
T.CS.106	83.0265	801.554054054	430	6.87441342946	0.974452193154
T.CS.100	87.11607	828.518518519	426	7.47301869175	0.988512665029
T.CS.121	77.30013	1093.88888889	451	7.26419737759	0.986044700769
T.CS.130	78.76038	1044.78846154	422	7.04628516855	0.983254903865
T.CS.091	85.16412	1180.25	494	7.30643276004	0.984324921191
T.CS.105	90.85852	720.303571429	386	7.05814609918	0.983396876046
T.CS.128	86.10473	1189.06976744	430	7.01123743532	0.977528982902
CS.242	73.69293	1106.54237288	435	6.62854487692	0.96826377386
CS.237	57.98729	597.757575758	277	5.98425714399	0.957877158788
CS.241	75.66734	726.2	368	6.85324627946	0.981113127223
CS.015	55.59772	709.317073171	312	5.93450621484	0.95455779694
CS.087	50.38845	781.75	295	5.78199966618	0.947000173546
CS.246	72.58829	1082.61111111	425	6.81818603639	0.977180149415
CS.238	66.18718	604	310	6.78334257858	0.982936990699
L.034.M1	70.75508	1058.01587302	460	7.21846032357	0.984031395885
CS.082	89.14972	719	410	7.08168303188	0.980971155042
CS.110	51.46509	583.4	248	5.88367919275	0.961447802687
L.024.M1	56.79889	802.368421053	372	6.56552259482	0.975507403566
CS.088	40.29899	544.913043478	224	5.70294605883	0.957408127994
CS.356	35.34788	606.034482759	251	5.96774327889	0.970047136071
CS.085	80.66386	677.960784314	376	7.1406687311	0.98487277703
CS.006	60.00565	727.487179487	319	6.23407554922	0.959827752034
CS.191	74.677	1144.9	440	7.05419639048	0.979959494379
CS.187	60.15305	960.222222222	375	6.40752613733	0.965895974022
CS.228	56.21136	460.108108108	254	6.01750865849	0.96295157551
CS.078	56.3662	589.727272727	297	6.3682733954	0.975743443204
CS.274	52.58266	803.725806452	390	6.69418497968	0.973216686783
CS.207	46.48063	583.27027027	269	5.94464040511	0.962924139168
CS.338	59.59067	761.9	341	6.63836859261	0.977309056671
CS.233	64.39509	465.069767442	264	6.00055573421	0.962936333098
CS.330	57.16872	860.245283019	389	6.71392196499	0.973972710421
CS.311	57.14124	699.871794872	305	6.28005565622	0.971325756693
CS.151	74.079	878.75	407	7.08866678888	0.983349842317
CS.387	64.93147	915.957746479	427	6.94966765719	0.982711838498
CS.164	34.23974	265.1875	127	4.474847785	0.918791259304
CS.345.0	37.63155	386.217391304	171	4.81918383044	0.923613087483
CS.336	62.30037	949.9	364	6.8173638144	0.982815922398
CS.331	69.81227	900.166666667	402	6.84844477802	0.980614047102
CS.227	37.19008	544.565217391	213	5.53732353545	0.953009167875
CS.320	58.78536	1218.48648649	384	6.76643098394	0.981705839303
CS.223	61.99983	848	386	6.74119286332	0.98001654455
CS.112	52.42753	423.823529412	241	5.87623492148	0.956752704276
CS.321	59.33279	1066.12244898	400	6.50523760779	0.971733817839
CS.343	44.51465	705.75	342	6.32668288632	0.966822277177
CS.319	53.9492	753.385964912	361	6.3871986511	0.967597462705
CS.318	51.06444	945.837209302	365	6.64404594304	0.975062760632
CS.152	87.54165	1207.08196721	501	7.57518731551	0.989029600546
CS.158	52.29032	487.75	237	6.1880105362	0.974004937235
CS.194	40.20467	712.2	330	6.10918845056	0.964248487027
CS.285	38.21263	564.869565217	217	5.70768438952	0.966143772092
CS.080	46.68489	562.387096774	253	6.1549317024	0.971206865879
CS.339	42.78467	1062.26086957	298	5.93989961751	0.955460147734
CS.370	66.09111	965	421	6.862358157	0.978998786922
CS.393	55.79994	678.096774194	278	6.02509040176	0.963987188535
CS.326	56.58978	797.32	350	6.40306491496	0.973306834763
CS.262	54.74726	845.833333333	404	6.64796585148	0.975349753476
CS.253	35.3477	452	193	5.19197465655	0.944494756501
CS.270	55.99204	780.738095238	335	6.42339109332	0.97373710628
CS.145	76.54653	1125.64179104	474	7.01539840853	0.978578531847
CS.255	63.33195	817.3	386	6.79222140496	0.980752535303
CS.390	56.30072	733.5	376	6.48283351825	0.970498311467
T.CS.031	69.59732	1055.25	450	7.10036882505	0.982170950619
T.CS.008	57.31252	887.5	436	6.58064120084	0.956473114889
T.CS.049	50.15581	862.62	372	6.56196279248	0.974686055305
TFS.025	55.15351	777.637931034	381	6.71581603945	0.976676278822
TFS.021	74.06193	1249.06521739	589	7.7528956303	0.9875297472
T.CS.061	64.21836	1020.47169811	419	6.95588355221	0.982369101976
TFS.022	85.35109	923.585365854	484	7.53049887882	0.988977776345
T.CS.026	47.56452	644.87755102	327	6.29978642405	0.972353966261
T.CS.066	82.80711	1037.33333333	448	7.01610680501	0.979691227927
T.CS.043	62.43045	1125.4	417	6.89697890561	0.97904407866
TFS.020	74.43619	920	430	7.13757444011	0.984555299362
TFS.027	63.11404	821.0625	432	6.63983654244	0.971030053899
T.CS.045	65.05925	893.169491525	403	6.35761728919	0.947492721204
T.CS.055	68.59212	1196.28571429	433	6.76564831284	0.975867559988
T.CS.064	78.30626	1207.17808219	508	7.17147354262	0.977475852209
T.CS.095	81.92477	1068.01408451	494	7.4123257758	0.984782193553
T.CS.152	71.33776	1121.63793103	453	6.84242072759	0.972753317457
T.CS.151	68.85297	1059.6557377	451	6.86014303146	0.976006919184
T.CS.109	84.20443	1256.125	487	7.446466494	0.9877030752
T.CS.158	79.81069	1075.36842105	497	7.07137945874	0.977147922601
T.CS.166	78.041	1034.08333333	472	7.11500391965	0.980617531082
T.CS.157	60.1959	897.659574468	371	6.57682651712	0.974680829335
T.CS.141	57.93121	978.701754386	415	6.85157191148	0.979743487625
T.CS.142	61.04052	1043.50847458	428	6.72773244955	0.977238506078
