PD_whole_tree	chao1	observed_otus	shannon	simpson
CS.002	67.60068	474	288	6.56685328249	0.977021192832
CS.036	63.08862	541.03125	279	6.55065721303	0.978710923083
CS.019	60.53423	750.527777778	308	6.20863252641	0.963951477741
CS.104	66.29261	659.7	309	6.42033473396	0.970498311467
CS.091	55.72078	684.24	255	6.066246071	0.972315642482
CS.059	74.0919	587	347	6.95487231785	0.983263613815
CS.017	60.60506	613.25	302	5.71078691957	0.929080322939
CS.296	75.7059	1219.23809524	493	7.25488836903	0.983416473433
L.001.M1	76.14962	674.833333333	354	6.61833056202	0.968494152031
L.008.M1	48.26063	775.4	342	6.22021006954	0.960181811491
CS.086	76.85528	752.487179487	344	6.6584794928	0.974132537999
CS.037	47.27508	483	241	5.91222752467	0.964095191912
L.007.M1	69.41397	1120.59677419	477	7.16661419094	0.981992396649
CS.039	63.3587	645.636363636	323	6.48697468786	0.972185428733
L.036.M1	71.89136	945.529411765	411	6.99718833886	0.97921914865
CS.155	67.7537	843.1	408	7.22611250408	0.987524956728
CS.371.1	54.09516	958.701754386	395	6.39048846079	0.967608350142
CS.067	35.34234	309.882352941	151	5.12352270866	0.944192956743
CS.366	41.97411	784.2	321	6.0310979711	0.957813140658
CS.117	61.416	617.6	281	6.28119277593	0.974535373175
CS.305	77.52314	1076.62295082	459	7.06400878246	0.977686197495
CS.077	61.69042	787.818181818	331	6.10392871738	0.957011389784
CS.367	35.51786	519.029411765	241	5.76612704329	0.963685824274
CS.056	56.12641	668.625	269	6.37092230781	0.974595907325
CS.327	56.35991	1193.625	403	6.35263509688	0.967896213981
CS.063	54.01978	440.222222222	238	6.04233026265	0.961222650486
CS.058	66.93286	614.772727273	311	6.53618051833	0.977769377515
CS.050	42.19777	394.058823529	189	5.91222707649	0.968157076976
CS.153	75.75788	749.317073171	352	6.86003894222	0.982335133172
CS.042	50.70491	1049.64705882	273	6.18995964707	0.973014615949
CS.128	70.82491	1293.68421053	475	7.10430674274	0.979665969072
CS.125	51.33107	765.220338983	368	6.42363013852	0.964026818806
CS.232	87.36415	833.12244898	398	7.12496767232	0.984138528267
CS.213	43.6912	709.818181818	323	6.32848837632	0.970762222945
CS.376	55.0281	929.346938776	373	6.415152378	0.968378309699
CS.236	46.20137	433.166666667	210	5.55428021609	0.95268254476
CS.126	72.30157	1211.87301587	476	7.0231210093	0.978482286902
CS.224	34.16981	560.84375	248	5.35862250666	0.923013407443
CS.302	37.88055	655.59375	268	5.84781774126	0.959819042084
CS.380	73.08874	1110.59649123	464	7.29262079238	0.984911100809
CS.378	47.24715	569.085714286	279	6.46954394962	0.979322797052
CS.205	50.88079	888	402	6.5871287965	0.971146767226
CS.203	59.31398	919.344262295	405	6.38679076113	0.962855330565
CS.374	55.49643	923.660377358	378	6.69097223461	0.980555254941
CS.282	51.91179	1016.15789474	353	6.38992314933	0.972062182944
CS.386	41.30146	534.125	279	5.56718084205	0.937366533629
CS.147	58.42932	847.230769231	406	6.74398006229	0.977459303304
CS.348	64.66566	918.294117647	333	6.50149004386	0.97650164433
CS.214	57.23535	744.666666667	346	6.29829327614	0.97100392405
CS.177	47.46495	668.033898305	354	6.15596419519	0.956793205542
CS.166	66.26063	928.5	376	6.78491363107	0.979089805897
CS.129	56.6716	935.459459459	348	6.71868482096	0.981093965333
CS.268	59.68666	596.083333333	298	6.55616118203	0.977718859807
CS.148	47.5661	486.766666667	303	6.14357379957	0.970204786161
CS.372	57.11989	722.566037736	362	6.75957425621	0.979794440831
CS.369	48.5155	451	271	5.76314234833	0.957610198829
CS.182	78.28983	838.180722892	448	7.10242456785	0.983314567021
CS.178	67.57516	702.666666667	358	6.77081022645	0.977249829013
CS.323	72.60433	997.172413793	430	7.1232104629	0.985316984467
CS.349	74.49299	795.6	429	7.02620693026	0.980594885213
T.CS.067	58.81348	1082.875	415	6.37526497002	0.963068724334
T.CS.079	53.03933	636.966666667	344	6.60273114939	0.978379509495
T.CS.025	66.86535	1078.41176471	408	6.7995361445	0.98035971657
T.CS.076	76.56586	892.720588235	435	7.24970832703	0.987209656547
T.CS.012	50.08713	839.019230769	363	6.65453843847	0.980076207705
T.CS.028	75.67955	1309.42857143	487	7.08161433161	0.977649180209
T.CS.080	61.42408	798.571428571	395	6.7836253576	0.977380042761
T.CS.052	61.68187	710.631578947	358	6.74864951566	0.98111878869
T.CS.001	51.28516	791.918367347	361	6.26814834108	0.959664440476
T.CS.007	48.22489	745.765957447	335	6.23828935331	0.967427618684
TFS.023	59.44978	914.118644068	395	6.78833076827	0.980861409675
T.CS.057	48.4391	795.558139535	342	6.58019024863	0.978455721555
T.CS.089	70.10242	889.05	419	6.78507802949	0.970583233477
T.CS.016	64.4371	1012.55813953	384	6.9380758968	0.984133737794
T.CS.024	65.71117	1028.5	406	6.75847969423	0.976613567184
T.CS.159	95.15364	926.833333333	422	7.15131294291	0.983327631945
T.CS.107	72.61591	1235.55223881	488	6.97809999867	0.978147824832
T.CS.122	76.49354	1227.68493151	502	6.96681409584	0.977097404892
T.CS.144	74.32503	977.3	446	7.07943433156	0.978432640188
T.CS.106	83.0265	801.554054054	430	6.87441342946	0.974452193154
T.CS.120	73.60569	1351.02040816	460	7.04286832258	0.981471106157
T.CS.126	79.04796	1036.37333333	466	6.9746163331	0.980267391102
T.CS.156	69.50112	1160	445	6.79265970547	0.973552455346
T.CS.124	83.22163	896.25	408	7.08558195097	0.979719099766
T.CS.128	86.10473	1189.06976744	430	7.01123743532	0.977528982902
T.CS.129	84.34811	848	410	6.95106771073	0.977169261978
T.CS.139	82.92212	1050.20547945	488	7.27250025817	0.98383977699
T.CS.132	96.12883	922.630136986	479	7.25809727519	0.976359236651
T.CS.118	71.5671	1012.68181818	446	7.07536981456	0.9835954629
T.CS.114	84.63574	712.080645161	407	6.91773303372	0.968194965257
CS.241	75.66734	726.2	368	6.85324627946	0.981113127223
CS.006	60.00565	727.487179487	319	6.23407554922	0.959827752034
CS.087	50.38845	781.75	295	5.78199966618	0.947000173546
CS.356	35.34788	606.034482759	251	5.96774327889	0.970047136071
CS.085	80.66386	677.960784314	376	7.1406687311	0.98487277703
CS.082	89.14972	719	410	7.08168303188	0.980971155042
CS.110	51.46509	583.4	248	5.88367919275	0.961447802687
CS.246	72.58829	1082.61111111	425	6.81818603639	0.977180149415
L.024.M1	56.79889	802.368421053	372	6.56552259482	0.975507403566
CS.103	70.81369	545.630434783	328	6.92782641686	0.982591205694
CS.242	73.69293	1106.54237288	435	6.62854487692	0.96826377386
CS.237	57.98729	597.757575758	277	5.98425714399	0.957877158788
CS.088	40.29899	544.913043478	224	5.70294605883	0.957408127994
CS.015	55.59772	709.317073171	312	5.93450621484	0.95455779694
CS.238	66.18718	604	310	6.78334257858	0.982936990699
CS.151	74.079	878.75	407	7.08866678888	0.983349842317
CS.336	62.30037	949.9	364	6.8173638144	0.982815922398
CS.330	57.16872	860.245283019	389	6.71392196499	0.973972710421
CS.187	60.15305	960.222222222	375	6.40752613733	0.965895974022
CS.233	64.39509	465.069767442	264	6.00055573421	0.962936333098
CS.358	36.71331	589.146341463	275	5.4880058848	0.937236755378
CS.363	57.88742	679.428571429	352	6.70540903014	0.978099920108
CS.150	66.94112	824.529411765	365	6.447622457	0.972313900492
CS.207	46.48063	583.27027027	269	5.94464040511	0.962924139168
CS.164	34.23974	265.1875	127	4.474847785	0.918791259304
CS.308.0	46.10123	522.451612903	235	5.26081522864	0.933720548666
CS.346	39.3207	472.666666667	209	5.35391085463	0.943672537245
CS.189	53.15177	700.923076923	297	6.12030120477	0.967521686142
CS.044	53.45441	782.576923077	281	6.27449230745	0.972251624351
CS.347.0	43.29714	470.034482759	232	6.06462280369	0.969047669337
CS.223	61.99983	848	386	6.74119286332	0.98001654455
CS.319	53.9492	753.385964912	361	6.3871986511	0.967597462705
CS.285	38.21263	564.869565217	217	5.70768438952	0.966143772092
CS.158	52.29032	487.75	237	6.1880105362	0.974004937235
CS.080	46.68489	562.387096774	253	6.1549317024	0.971206865879
CS.227	37.19008	544.565217391	213	5.53732353545	0.953009167875
CS.194	40.20467	712.2	330	6.10918845056	0.964248487027
CS.318	51.06444	945.837209302	365	6.64404594304	0.975062760632
CS.152	87.54165	1207.08196721	501	7.57518731551	0.989029600546
CS.320	58.78536	1218.48648649	384	6.76643098394	0.981705839303
CS.202	50.96405	914.645833333	366	6.07334563574	0.954360952076
CS.331	69.81227	900.166666667	402	6.84844477802	0.980614047102
CS.361	48.34804	846.65	329	6.0839114268	0.959404448476
CS.112	52.42753	423.823529412	241	5.87623492148	0.956752704276
CS.343	44.51465	705.75	342	6.32668288632	0.966822277177
CS.262	54.74726	845.833333333	404	6.64796585148	0.975349753476
CS.326	56.58978	797.32	350	6.40306491496	0.973306834763
CS.393	55.79994	678.096774194	278	6.02509040176	0.963987188535
CS.390	56.30072	733.5	376	6.48283351825	0.970498311467
CS.255	63.33195	817.3	386	6.79222140496	0.980752535303
CS.270	55.99204	780.738095238	335	6.42339109332	0.97373710628
CS.253	35.3477	452	193	5.19197465655	0.944494756501
CS.145	76.54653	1125.64179104	474	7.01539840853	0.978578531847
CS.370	66.09111	965	421	6.862358157	0.978998786922
T.CS.043	62.43045	1125.4	417	6.89697890561	0.97904407866
TFS.022	85.35109	923.585365854	484	7.53049887882	0.988977776345
T.CS.026	47.56452	644.87755102	327	6.29978642405	0.972353966261
T.CS.061	64.21836	1020.47169811	419	6.95588355221	0.982369101976
T.CS.008	57.31252	887.5	436	6.58064120084	0.956473114889
T.CS.064	78.30626	1207.17808219	508	7.17147354262	0.977475852209
TFS.027	63.11404	821.0625	432	6.63983654244	0.971030053899
T.CS.066	82.80711	1037.33333333	448	7.01610680501	0.979691227927
T.CS.049	50.15581	862.62	372	6.56196279248	0.974686055305
T.CS.055	68.59212	1196.28571429	433	6.76564831284	0.975867559988
TFS.025	55.15351	777.637931034	381	6.71581603945	0.976676278822
T.CS.045	65.05925	893.169491525	403	6.35761728919	0.947492721204
T.CS.036	73.66872	728.75	384	6.98749520503	0.980229067323
T.CS.031	69.59732	1055.25	450	7.10036882505	0.982170950619
TFS.021	74.06193	1249.06521739	589	7.7528956303	0.9875297472
T.CS.095	81.92477	1068.01408451	494	7.4123257758	0.984782193553
T.CS.141	57.93121	978.701754386	415	6.85157191148	0.979743487625
T.CS.158	79.81069	1075.36842105	497	7.07137945874	0.977147922601
T.CS.152	71.33776	1121.63793103	453	6.84242072759	0.972753317457
T.CS.109	84.20443	1256.125	487	7.446466494	0.9877030752
T.CS.166	78.041	1034.08333333	472	7.11500391965	0.980617531082
T.CS.157	60.1959	897.659574468	371	6.57682651712	0.974680829335
T.CS.151	68.85297	1059.6557377	451	6.86014303146	0.976006919184
T.CS.142	61.04052	1043.50847458	428	6.72773244955	0.977238506078
