PD_whole_tree	chao1	observed_otus	shannon	simpson
CS.293	70.45321	1065.35	442	6.91126224323	0.97709435641
CS.043	64.34857	730	315	6.74331503581	0.979833635605
CS.281	69.33108	1073.68292683	380	6.53564019851	0.968237208513
L.005.M1	70.963	1024.421875	457	7.01391595691	0.975874963445
CS.035	65.71162	685.135135135	315	6.36193399321	0.965595480755
CS.260	59.33226	720.333333333	338	6.4665581437	0.972846078421
CS.104	66.29261	659.7	309	6.42033473396	0.970498311467
CS.084	84.86866	616.188679245	364	7.15972677409	0.985506861372
CS.101	74.43904	775	340	6.82961558164	0.979415993515
CS.314	66.81832	885	375	6.88235303534	0.979356330359
CS.199	53.85998	394.888888889	226	6.19163763512	0.97339045028
CS.313	79.00583	925.982142857	435	7.31479954166	0.986734528788
CS.028	77.99057	596.826086957	334	6.79842140871	0.980433315645
L.011.M1	57.58105	829.125	303	6.31546578459	0.973151797657
CS.059	74.0919	587	347	6.95487231785	0.983263613815
CS.367	35.51786	519.029411765	241	5.76612704329	0.963685824274
CS.115	44.6346	385.681818182	187	5.64237523597	0.963870910706
CS.060	55.22339	626.913043478	251	6.1521974145	0.973900853336
CS.301	68.72994	923.15625	429	7.04717846796	0.981761582981
CS.149	61.41136	789.85	381	6.62464378968	0.977054290641
CS.073	58.90019	688.571428571	302	6.52426661077	0.979663356087
CS.305	77.52314	1076.62295082	459	7.06400878246	0.977686197495
CS.360	60.72465	880.1	414	7.09051462288	0.984522201553
CS.341	52.44954	789.288461538	351	6.25779382049	0.963905750505
CS.072	85.78439	1171.27083333	437	7.02835033787	0.981414491484
CS.366	41.97411	784.2	321	6.0310979711	0.957813140658
CS.382	61.95589	1238	422	7.23800514428	0.987131702497
CS.137	62.84043	551.246153846	338	6.61935329435	0.9750335823
CS.229	58.99669	688.53125	296	6.37016343859	0.972945371848
CS.122	66.96008	592.7	302	6.40043786684	0.97152390805
CS.378	47.24715	569.085714286	279	6.46954394962	0.979322797052
CS.292	64.59762	598.068181818	298	6.23962856774	0.966922441599
CS.236	46.20137	433.166666667	210	5.55428021609	0.95268254476
CS.282	51.91179	1016.15789474	353	6.38992314933	0.972062182944
CS.041	50.89165	534.833333333	251	5.60514453667	0.932337408646
CS.224	34.16981	560.84375	248	5.35862250666	0.923013407443
CS.136	64.14091	552.825	299	6.56178134304	0.977852993033
CS.126	72.30157	1211.87301587	476	7.0231210093	0.978482286902
CS.125	51.33107	765.220338983	368	6.42363013852	0.964026818806
CS.205	50.88079	888	402	6.5871287965	0.971146767226
CS.374	55.49643	923.660377358	378	6.69097223461	0.980555254941
CS.375	53.81888	1000.02040816	380	6.38446698704	0.97116331613
CS.203	59.31398	919.344262295	405	6.38679076113	0.962855330565
CS.213	43.6912	709.818181818	323	6.32848837632	0.970762222945
CS.380	73.08874	1110.59649123	464	7.29262079238	0.984911100809
CS.268	59.68666	596.083333333	298	6.55616118203	0.977718859807
CS.395	68.90364	852.01754386	402	7.00537435368	0.984435537553
CS.389	53.36524	717.781818182	345	6.38418449585	0.97160360409
CS.369	48.5155	451	271	5.76314234833	0.957610198829
CS.166	66.26063	928.5	376	6.78491363107	0.979089805897
CS.214	57.23535	744.666666667	346	6.29829327614	0.97100392405
CS.129	56.6716	935.459459459	348	6.71868482096	0.981093965333
CS.323	72.60433	997.172413793	430	7.1232104629	0.985316984467
CS.256	57.61418	716.631578947	364	6.57085381868	0.974419530843
CS.386	41.30146	534.125	279	5.56718084205	0.937366533629
CS.181	64.41238	881.038461538	379	6.60629832305	0.973310318743
CS.177	47.46495	668.033898305	354	6.15596419519	0.956793205542
CS.348	64.66566	918.294117647	333	6.50149004386	0.97650164433
CS.148	47.5661	486.766666667	303	6.14357379957	0.970204786161
CS.183	49.17559	583.914893617	303	5.98932294483	0.956720477462
T.CS.040	82.47706	1217.30434783	496	7.10084344328	0.98060577265
T.CS.007	48.22489	745.765957447	335	6.23828935331	0.967427618684
T.CS.046	61.19318	896.6875	381	6.59680931078	0.973229751708
T.CS.014	67.02432	855.022222222	372	6.6680817653	0.97373536429
T.CS.057	48.4391	795.558139535	342	6.58019024863	0.978455721555
T.CS.067	58.81348	1082.875	415	6.37526497002	0.963068724334
T.CS.028	75.67955	1309.42857143	487	7.08161433161	0.977649180209
TFS.024	57.08813	893.622222222	368	6.64555195495	0.97649990234
T.CS.052	61.68187	710.631578947	358	6.74864951566	0.98111878869
T.CS.079	53.03933	636.966666667	344	6.60273114939	0.978379509495
T.CS.059	69.90013	526.411764706	316	6.58201432311	0.977206714762
T.CS.056	54.67527	866.294117647	327	6.30850200919	0.966642852212
T.CS.082	68.62443	973.185185185	406	6.64423600989	0.971670235206
T.CS.071	75.36113	1266.04761905	491	6.97095459806	0.97511153635
T.CS.050	64.39068	879.222222222	383	6.47567975545	0.968356099327
T.CS.156	69.50112	1160	445	6.79265970547	0.973552455346
T.CS.177	88.74864	894.338709677	424	6.955839021	0.977892187807
T.CS.123	67.52862	1208.12244898	428	6.78750719617	0.977747602641
T.CS.091	85.16412	1180.25	494	7.30643276004	0.984324921191
T.CS.128	86.10473	1189.06976744	430	7.01123743532	0.977528982902
T.CS.130	78.76038	1044.78846154	422	7.04628516855	0.983254903865
T.CS.125	69.24193	1161.109375	465	6.79783827372	0.974414304873
T.CS.110	84.52998	1048.01587302	450	7.00845971088	0.979095902861
T.CS.119	93.59639	864.126760563	450	7.2913131846	0.985620961713
T.CS.180	72.78055	767.058823529	369	6.82958906007	0.981354828328
T.CS.124	83.22163	896.25	408	7.08558195097	0.979719099766
T.CS.104	88.68259	1167.47457627	467	6.90910636658	0.974018873155
T.CS.126	79.04796	1036.37333333	466	6.9746163331	0.980267391102
T.CS.100	87.11607	828.518518519	426	7.47301869175	0.988512665029
T.CS.144	74.32503	977.3	446	7.07943433156	0.978432640188
CS.082	89.14972	719	410	7.08168303188	0.980971155042
CS.103	70.81369	545.630434783	328	6.92782641686	0.982591205694
L.024.M1	56.79889	802.368421053	372	6.56552259482	0.975507403566
CS.241	75.66734	726.2	368	6.85324627946	0.981113127223
CS.088	40.29899	544.913043478	224	5.70294605883	0.957408127994
CS.242	73.69293	1106.54237288	435	6.62854487692	0.96826377386
L.034.M1	70.75508	1058.01587302	460	7.21846032357	0.984031395885
CS.015	55.59772	709.317073171	312	5.93450621484	0.95455779694
CS.110	51.46509	583.4	248	5.88367919275	0.961447802687
CS.087	50.38845	781.75	295	5.78199966618	0.947000173546
CS.237	57.98729	597.757575758	277	5.98425714399	0.957877158788
CS.356	35.34788	606.034482759	251	5.96774327889	0.970047136071
CS.085	80.66386	677.960784314	376	7.1406687311	0.98487277703
CS.246	72.58829	1082.61111111	425	6.81818603639	0.977180149415
CS.006	60.00565	727.487179487	319	6.23407554922	0.959827752034
CS.346	39.3207	472.666666667	209	5.35391085463	0.943672537245
CS.325	33.53254	593.5625	249	5.50557691382	0.947953477545
CS.347.0	43.29714	470.034482759	232	6.06462280369	0.969047669337
CS.233	64.39509	465.069767442	264	6.00055573421	0.962936333098
CS.150	66.94112	824.529411765	365	6.447622457	0.972313900492
CS.345.0	37.63155	386.217391304	171	4.81918383044	0.923613087483
CS.330	57.16872	860.245283019	389	6.71392196499	0.973972710421
CS.113	52.11911	711.1	271	5.87817746828	0.959037759592
CS.187	60.15305	960.222222222	375	6.40752613733	0.965895974022
CS.363	57.88742	679.428571429	352	6.70540903014	0.978099920108
CS.044	53.45441	782.576923077	281	6.27449230745	0.972251624351
CS.311	57.14124	699.871794872	305	6.28005565622	0.971325756693
CS.387	64.93147	915.957746479	427	6.94966765719	0.982711838498
CS.338	59.59067	761.9	341	6.63836859261	0.977309056671
CS.189	53.15177	700.923076923	297	6.12030120477	0.967521686142
CS.322	49.82949	778.019230769	356	6.5752519076	0.977547273797
CS.321	59.33279	1066.12244898	400	6.50523760779	0.971733817839
CS.080	46.68489	562.387096774	253	6.1549317024	0.971206865879
CS.158	52.29032	487.75	237	6.1880105362	0.974004937235
CS.331	69.81227	900.166666667	402	6.84844477802	0.980614047102
CS.343	44.51465	705.75	342	6.32668288632	0.966822277177
CS.227	37.19008	544.565217391	213	5.53732353545	0.953009167875
CS.361	48.34804	846.65	329	6.0839114268	0.959404448476
CS.223	61.99983	848	386	6.74119286332	0.98001654455
CS.112	52.42753	423.823529412	241	5.87623492148	0.956752704276
CS.163	48.48348	482.724137931	224	5.61125977418	0.957438177321
CS.285	38.21263	564.869565217	217	5.70768438952	0.966143772092
CS.152	87.54165	1207.08196721	501	7.57518731551	0.989029600546
CS.194	40.20467	712.2	330	6.10918845056	0.964248487027
CS.202	50.96405	914.645833333	366	6.07334563574	0.954360952076
CS.390	56.30072	733.5	376	6.48283351825	0.970498311467
CS.255	63.33195	817.3	386	6.79222140496	0.980752535303
CS.393	55.79994	678.096774194	278	6.02509040176	0.963987188535
CS.370	66.09111	965	421	6.862358157	0.978998786922
CS.145	76.54653	1125.64179104	474	7.01539840853	0.978578531847
CS.253	35.3477	452	193	5.19197465655	0.944494756501
CS.326	56.58978	797.32	350	6.40306491496	0.973306834763
CS.262	54.74726	845.833333333	404	6.64796585148	0.975349753476
CS.270	55.99204	780.738095238	335	6.42339109332	0.97373710628
T.CS.064	78.30626	1207.17808219	508	7.17147354262	0.977475852209
T.CS.055	68.59212	1196.28571429	433	6.76564831284	0.975867559988
T.CS.045	65.05925	893.169491525	403	6.35761728919	0.947492721204
TFS.021	74.06193	1249.06521739	589	7.7528956303	0.9875297472
T.CS.036	73.66872	728.75	384	6.98749520503	0.980229067323
T.CS.008	57.31252	887.5	436	6.58064120084	0.956473114889
T.CS.049	50.15581	862.62	372	6.56196279248	0.974686055305
T.CS.026	47.56452	644.87755102	327	6.29978642405	0.972353966261
T.CS.061	64.21836	1020.47169811	419	6.95588355221	0.982369101976
TFS.025	55.15351	777.637931034	381	6.71581603945	0.976676278822
TFS.027	63.11404	821.0625	432	6.63983654244	0.971030053899
T.CS.066	82.80711	1037.33333333	448	7.01610680501	0.979691227927
TFS.022	85.35109	923.585365854	484	7.53049887882	0.988977776345
T.CS.031	69.59732	1055.25	450	7.10036882505	0.982170950619
T.CS.043	62.43045	1125.4	417	6.89697890561	0.97904407866
T.CS.157	60.1959	897.659574468	371	6.57682651712	0.974680829335
T.CS.158	79.81069	1075.36842105	497	7.07137945874	0.977147922601
T.CS.109	84.20443	1256.125	487	7.446466494	0.9877030752
T.CS.151	68.85297	1059.6557377	451	6.86014303146	0.976006919184
T.CS.095	81.92477	1068.01408451	494	7.4123257758	0.984782193553
T.CS.166	78.041	1034.08333333	472	7.11500391965	0.980617531082
T.CS.152	71.33776	1121.63793103	453	6.84242072759	0.972753317457
T.CS.141	57.93121	978.701754386	415	6.85157191148	0.979743487625
T.CS.142	61.04052	1043.50847458	428	6.72773244955	0.977238506078
