PD_whole_tree	chao1	observed_otus	shannon	simpson
L.005.M1	70.963	1024.421875	457	7.01391595691	0.975874963445
CS.098	78.16861	582.767857143	347	6.95380003971	0.984374132407
L.012.M1	65.23339	965.32	406	7.06225621307	0.984788726015
CS.313	79.00583	925.982142857	435	7.31479954166	0.986734528788
CS.293	70.45321	1065.35	442	6.91126224323	0.97709435641
CS.280	83.39063	1210.08064516	477	7.04841912914	0.979812731725
CS.297	67.1433	1048.953125	443	6.77684726875	0.975110229858
CS.039	63.3587	645.636363636	323	6.48697468786	0.972185428733
CS.105	69.69049	700.127659574	338	6.35411311319	0.961236586405
L.008.M1	48.26063	775.4	342	6.22021006954	0.960181811491
CS.002	67.60068	474	288	6.56685328249	0.977021192832
CS.099	67.16284	808.386363636	347	6.18040036375	0.9539755368
CS.101	74.43904	775	340	6.82961558164	0.979415993515
CS.017	60.60506	613.25	302	5.71078691957	0.929080322939
CS.086	76.85528	752.487179487	344	6.6584794928	0.974132537999
CS.269	35.64252	530.875	244	5.63820648881	0.953633235775
CS.335	33.76463	576.27027027	262	5.69736265406	0.956336804176
CS.067	35.34234	309.882352941	151	5.12352270866	0.944192956743
CS.305	77.52314	1076.62295082	459	7.06400878246	0.977686197495
CS.042	50.70491	1049.64705882	273	6.18995964707	0.973014615949
CS.060	55.22339	626.913043478	251	6.1521974145	0.973900853336
CS.360	60.72465	880.1	414	7.09051462288	0.984522201553
CS.058	66.93286	614.772727273	311	6.53618051833	0.977769377515
CS.327	56.35991	1193.625	403	6.35263509688	0.967896213981
CS.118	58.82064	683.090909091	283	5.9547534053	0.959999338044
CS.040	61.12304	719	304	6.11328587049	0.962114984837
CS.248	72.61941	781.153846154	340	6.86956514619	0.98420907886
CS.186	84.44578	925.430769231	435	7.02103401701	0.98178422885
CS.137	62.84043	551.246153846	338	6.61935329435	0.9750335823
CS.371.1	54.09516	958.701754386	395	6.39048846079	0.967608350142
CS.232	87.36415	833.12244898	398	7.12496767232	0.984138528267
CS.205	50.88079	888	402	6.5871287965	0.971146767226
CS.136	64.14091	552.825	299	6.56178134304	0.977852993033
CS.282	51.91179	1016.15789474	353	6.38992314933	0.972062182944
CS.213	43.6912	709.818181818	323	6.32848837632	0.970762222945
CS.302	37.88055	655.59375	268	5.84781774126	0.959819042084
CS.224	34.16981	560.84375	248	5.35862250666	0.923013407443
CS.126	72.30157	1211.87301587	476	7.0231210093	0.978482286902
CS.203	59.31398	919.344262295	405	6.38679076113	0.962855330565
CS.125	51.33107	765.220338983	368	6.42363013852	0.964026818806
CS.128	70.82491	1293.68421053	475	7.10430674274	0.979665969072
CS.236	46.20137	433.166666667	210	5.55428021609	0.95268254476
CS.292	64.59762	598.068181818	298	6.23962856774	0.966922441599
CS.041	50.89165	534.833333333	251	5.60514453667	0.932337408646
CS.376	55.0281	929.346938776	373	6.415152378	0.968378309699
CS.359	38.89341	629.75	313	6.1070300499	0.968807274724
CS.386	41.30146	534.125	279	5.56718084205	0.937366533629
CS.183	49.17559	583.914893617	303	5.98932294483	0.956720477462
CS.256	57.61418	716.631578947	364	6.57085381868	0.974419530843
CS.254	62.16516	754.75	389	6.85870674223	0.977434915445
CS.178	67.57516	702.666666667	358	6.77081022645	0.977249829013
CS.166	66.26063	928.5	376	6.78491363107	0.979089805897
CS.181	64.41238	881.038461538	379	6.60629832305	0.973310318743
CS.385	65.50113	890.038461538	388	6.87889430286	0.982373892448
CS.129	56.6716	935.459459459	348	6.71868482096	0.981093965333
CS.349	74.49299	795.6	429	7.02620693026	0.980594885213
CS.268	59.68666	596.083333333	298	6.55616118203	0.977718859807
CS.177	47.46495	668.033898305	354	6.15596419519	0.956793205542
CS.372	57.11989	722.566037736	362	6.75957425621	0.979794440831
CS.395	68.90364	852.01754386	402	7.00537435368	0.984435537553
T.CS.062	71.71145	1043.19565217	404	6.73537592434	0.969595525176
T.CS.022	72.2385	969.081967213	434	7.12033643207	0.98170104883
T.CS.004	69.63832	1299.5	497	7.23067328989	0.984696836045
T.CS.038	89.12644	689.542372881	382	7.04704559662	0.983397311543
T.CS.007	48.22489	745.765957447	335	6.23828935331	0.967427618684
T.CS.014	67.02432	855.022222222	372	6.6680817653	0.97373536429
T.CS.003	71.68788	1045.52941176	467	7.03553985188	0.977866928952
T.CS.082	68.62443	973.185185185	406	6.64423600989	0.971670235206
T.CS.071	75.36113	1266.04761905	491	6.97095459806	0.97511153635
T.CS.069	75.43499	1044	482	7.25459416347	0.982750597775
T.CS.052	61.68187	710.631578947	358	6.74864951566	0.98111878869
TFS.024	57.08813	893.622222222	368	6.64555195495	0.97649990234
T.CS.079	53.03933	636.966666667	344	6.60273114939	0.978379509495
T.CS.046	61.19318	896.6875	381	6.59680931078	0.973229751708
T.CS.041	72.69004	1195.2	449	6.88680315381	0.974470048551
T.CS.177	88.74864	894.338709677	424	6.955839021	0.977892187807
T.CS.092	87.55825	790.051724138	426	7.29315841023	0.976431529234
T.CS.125	69.24193	1161.109375	465	6.79783827372	0.974414304873
T.CS.116	65.95387	635.9375	296	6.41060627964	0.969754917257
T.CS.100	87.11607	828.518518519	426	7.47301869175	0.988512665029
T.CS.114	84.63574	712.080645161	407	6.91773303372	0.968194965257
T.CS.134	69.54457	928.512820513	456	6.67915939831	0.969938697196
T.CS.132	96.12883	922.630136986	479	7.25809727519	0.976359236651
T.CS.117	62.96756	1080.01886792	410	6.52233215633	0.971533053497
T.CS.119	93.59639	864.126760563	450	7.2913131846	0.985620961713
T.CS.111	64.07223	1353.78181818	466	6.74258506348	0.974117731084
T.CS.107	72.61591	1235.55223881	488	6.97809999867	0.978147824832
T.CS.167	67.45713	1092.47761194	454	6.64247245951	0.969674350221
T.CS.147	89.123	1253.72727273	553	7.66722871465	0.988291432306
T.CS.131	81.53118	1127.55882353	468	6.86189151315	0.974474839024
CS.237	57.98729	597.757575758	277	5.98425714399	0.957877158788
L.034.M1	70.75508	1058.01587302	460	7.21846032357	0.984031395885
CS.088	40.29899	544.913043478	224	5.70294605883	0.957408127994
CS.085	80.66386	677.960784314	376	7.1406687311	0.98487277703
CS.087	50.38845	781.75	295	5.78199966618	0.947000173546
CS.241	75.66734	726.2	368	6.85324627946	0.981113127223
CS.110	51.46509	583.4	248	5.88367919275	0.961447802687
CS.246	72.58829	1082.61111111	425	6.81818603639	0.977180149415
L.024.M1	56.79889	802.368421053	372	6.56552259482	0.975507403566
CS.356	35.34788	606.034482759	251	5.96774327889	0.970047136071
CS.082	89.14972	719	410	7.08168303188	0.980971155042
CS.242	73.69293	1106.54237288	435	6.62854487692	0.96826377386
CS.103	70.81369	545.630434783	328	6.92782641686	0.982591205694
CS.006	60.00565	727.487179487	319	6.23407554922	0.959827752034
CS.015	55.59772	709.317073171	312	5.93450621484	0.95455779694
CS.364	43.52221	580.181818182	319	6.22348126099	0.969224481317
CS.338	59.59067	761.9	341	6.63836859261	0.977309056671
CS.363	57.88742	679.428571429	352	6.70540903014	0.978099920108
CS.189	53.15177	700.923076923	297	6.12030120477	0.967521686142
CS.233	64.39509	465.069767442	264	6.00055573421	0.962936333098
CS.228	56.21136	460.108108108	254	6.01750865849	0.96295157551
CS.078	56.3662	589.727272727	297	6.3682733954	0.975743443204
CS.207	46.48063	583.27027027	269	5.94464040511	0.962924139168
CS.113	52.11911	711.1	271	5.87817746828	0.959037759592
CS.346	39.3207	472.666666667	209	5.35391085463	0.943672537245
CS.188	59.07432	1038.67164179	464	6.99794933946	0.97794009253
CS.191	74.677	1144.9	440	7.05419639048	0.979959494379
CS.274	52.58266	803.725806452	390	6.69418497968	0.973216686783
CS.212	51.51703	783.568965517	372	6.52368319866	0.972152330924
CS.345.0	37.63155	386.217391304	171	4.81918383044	0.923613087483
CS.202	50.96405	914.645833333	366	6.07334563574	0.954360952076
CS.320	58.78536	1218.48648649	384	6.76643098394	0.981705839303
CS.285	38.21263	564.869565217	217	5.70768438952	0.966143772092
CS.331	69.81227	900.166666667	402	6.84844477802	0.980614047102
CS.223	61.99983	848	386	6.74119286332	0.98001654455
CS.080	46.68489	562.387096774	253	6.1549317024	0.971206865879
CS.227	37.19008	544.565217391	213	5.53732353545	0.953009167875
CS.194	40.20467	712.2	330	6.10918845056	0.964248487027
CS.322	49.82949	778.019230769	356	6.5752519076	0.977547273797
CS.321	59.33279	1066.12244898	400	6.50523760779	0.971733817839
CS.163	48.48348	482.724137931	224	5.61125977418	0.957438177321
CS.158	52.29032	487.75	237	6.1880105362	0.974004937235
CS.339	42.78467	1062.26086957	298	5.93989961751	0.955460147734
CS.361	48.34804	846.65	329	6.0839114268	0.959404448476
CS.319	53.9492	753.385964912	361	6.3871986511	0.967597462705
CS.262	54.74726	845.833333333	404	6.64796585148	0.975349753476
CS.145	76.54653	1125.64179104	474	7.01539840853	0.978578531847
CS.390	56.30072	733.5	376	6.48283351825	0.970498311467
CS.255	63.33195	817.3	386	6.79222140496	0.980752535303
CS.326	56.58978	797.32	350	6.40306491496	0.973306834763
CS.370	66.09111	965	421	6.862358157	0.978998786922
CS.393	55.79994	678.096774194	278	6.02509040176	0.963987188535
CS.270	55.99204	780.738095238	335	6.42339109332	0.97373710628
CS.253	35.3477	452	193	5.19197465655	0.944494756501
TFS.027	63.11404	821.0625	432	6.63983654244	0.971030053899
T.CS.043	62.43045	1125.4	417	6.89697890561	0.97904407866
T.CS.036	73.66872	728.75	384	6.98749520503	0.980229067323
TFS.020	74.43619	920	430	7.13757444011	0.984555299362
TFS.022	85.35109	923.585365854	484	7.53049887882	0.988977776345
T.CS.055	68.59212	1196.28571429	433	6.76564831284	0.975867559988
TFS.025	55.15351	777.637931034	381	6.71581603945	0.976676278822
T.CS.064	78.30626	1207.17808219	508	7.17147354262	0.977475852209
T.CS.008	57.31252	887.5	436	6.58064120084	0.956473114889
T.CS.026	47.56452	644.87755102	327	6.29978642405	0.972353966261
T.CS.031	69.59732	1055.25	450	7.10036882505	0.982170950619
T.CS.045	65.05925	893.169491525	403	6.35761728919	0.947492721204
T.CS.049	50.15581	862.62	372	6.56196279248	0.974686055305
T.CS.066	82.80711	1037.33333333	448	7.01610680501	0.979691227927
T.CS.061	64.21836	1020.47169811	419	6.95588355221	0.982369101976
T.CS.158	79.81069	1075.36842105	497	7.07137945874	0.977147922601
T.CS.157	60.1959	897.659574468	371	6.57682651712	0.974680829335
T.CS.095	81.92477	1068.01408451	494	7.4123257758	0.984782193553
T.CS.142	61.04052	1043.50847458	428	6.72773244955	0.977238506078
T.CS.151	68.85297	1059.6557377	451	6.86014303146	0.976006919184
T.CS.166	78.041	1034.08333333	472	7.11500391965	0.980617531082
T.CS.141	57.93121	978.701754386	415	6.85157191148	0.979743487625
T.CS.152	71.33776	1121.63793103	453	6.84242072759	0.972753317457
T.CS.109	84.20443	1256.125	487	7.446466494	0.9877030752
