PD_whole_tree	chao1	observed_otus	shannon	simpson
CS.108	59.3289	433.8	256	5.54618793642	0.925806688327
CS.001	87.25172	715.595744681	369	7.09209359199	0.985096187241
L.007.M1	69.41397	1120.59677419	477	7.16661419094	0.981992396649
CS.263	67.48583	864.714285714	355	6.24074837262	0.965915571409
CS.007	65.82883	842.01754386	380	6.40182612807	0.962483415711
CS.002	67.60068	474	288	6.56685328249	0.977021192832
CS.086	76.85528	752.487179487	344	6.6584794928	0.974132537999
CS.059	74.0919	587	347	6.95487231785	0.983263613815
CS.036	63.08862	541.03125	279	6.55065721303	0.978710923083
CS.099	67.16284	808.386363636	347	6.18040036375	0.9539755368
CS.098	78.16861	582.767857143	347	6.95380003971	0.984374132407
CS.104	66.29261	659.7	309	6.42033473396	0.970498311467
CS.265	97.47906	820.391891892	452	7.12389616961	0.974288446099
CS.016	51.76786	496.214285714	258	6.21159425564	0.964744954163
CS.091	55.72078	684.24	255	6.066246071	0.972315642482
CS.230	42.67571	561.027027027	271	5.86024907839	0.947471381827
CS.155	67.7537	843.1	408	7.22611250408	0.987524956728
CS.067	35.34234	309.882352941	151	5.12352270866	0.944192956743
CS.373	63.72245	956.784313725	385	6.37312539508	0.958786477542
CS.382	61.95589	1238	422	7.23800514428	0.987131702497
CS.341	52.44954	789.288461538	351	6.25779382049	0.963905750505
CS.040	61.12304	719	304	6.11328587049	0.962114984837
CS.118	58.82064	683.090909091	283	5.9547534053	0.959999338044
CS.066	52.22094	475.090909091	244	6.01373183012	0.967176336634
CS.229	58.99669	688.53125	296	6.37016343859	0.972945371848
CS.127	62.95792	1080.48214286	432	6.97132601311	0.982353424066
CS.269	35.64252	530.875	244	5.63820648881	0.953633235775
CS.050	42.19777	394.058823529	189	5.91222707649	0.968157076976
CS.367	35.51786	519.029411765	241	5.76612704329	0.963685824274
CS.064	69.91233	564.756756757	298	6.60108838627	0.979089805897
CS.224	34.16981	560.84375	248	5.35862250666	0.923013407443
CS.203	59.31398	919.344262295	405	6.38679076113	0.962855330565
CS.128	70.82491	1293.68421053	475	7.10430674274	0.979665969072
CS.302	37.88055	655.59375	268	5.84781774126	0.959819042084
CS.125	51.33107	765.220338983	368	6.42363013852	0.964026818806
CS.041	50.89165	534.833333333	251	5.60514453667	0.932337408646
CS.232	87.36415	833.12244898	398	7.12496767232	0.984138528267
CS.380	73.08874	1110.59649123	464	7.29262079238	0.984911100809
CS.126	72.30157	1211.87301587	476	7.0231210093	0.978482286902
CS.213	43.6912	709.818181818	323	6.32848837632	0.970762222945
CS.292	64.59762	598.068181818	298	6.23962856774	0.966922441599
CS.376	55.0281	929.346938776	373	6.415152378	0.968378309699
CS.236	46.20137	433.166666667	210	5.55428021609	0.95268254476
CS.375	53.81888	1000.02040816	380	6.38446698704	0.97116331613
CS.136	64.14091	552.825	299	6.56178134304	0.977852993033
CS.148	47.5661	486.766666667	303	6.14357379957	0.970204786161
CS.386	41.30146	534.125	279	5.56718084205	0.937366533629
CS.369	48.5155	451	271	5.76314234833	0.957610198829
CS.348	64.66566	918.294117647	333	6.50149004386	0.97650164433
CS.389	53.36524	717.781818182	345	6.38418449585	0.97160360409
CS.385	65.50113	890.038461538	388	6.87889430286	0.982373892448
CS.256	57.61418	716.631578947	364	6.57085381868	0.974419530843
CS.395	68.90364	852.01754386	402	7.00537435368	0.984435537553
CS.177	47.46495	668.033898305	354	6.15596419519	0.956793205542
CS.129	56.6716	935.459459459	348	6.71868482096	0.981093965333
CS.349	74.49299	795.6	429	7.02620693026	0.980594885213
CS.181	64.41238	881.038461538	379	6.60629832305	0.973310318743
CS.214	57.23535	744.666666667	346	6.29829327614	0.97100392405
CS.182	78.28983	838.180722892	448	7.10242456785	0.983314567021
CS.183	49.17559	583.914893617	303	5.98932294483	0.956720477462
T.CS.003	71.68788	1045.52941176	467	7.03553985188	0.977866928952
T.CS.052	61.68187	710.631578947	358	6.74864951566	0.98111878869
T.CS.014	67.02432	855.022222222	372	6.6680817653	0.97373536429
T.CS.001	51.28516	791.918367347	361	6.26814834108	0.959664440476
T.CS.042	85.55983	1109.50704225	507	7.39830215795	0.983956490317
T.CS.079	53.03933	636.966666667	344	6.60273114939	0.978379509495
T.CS.020	80.23638	974.651162791	399	7.21685119092	0.986980149371
T.CS.067	58.81348	1082.875	415	6.37526497002	0.963068724334
T.CS.004	69.63832	1299.5	497	7.23067328989	0.984696836045
T.CS.019	51.89856	844	329	6.03312979281	0.962033982304
T.CS.040	82.47706	1217.30434783	496	7.10084344328	0.98060577265
T.CS.058	66.55328	897.37254902	381	6.65214767477	0.976433706722
T.CS.007	48.22489	745.765957447	335	6.23828935331	0.967427618684
T.CS.029	80.9126	789.4	412	6.94437874091	0.976970239626
T.CS.089	70.10242	889.05	419	6.78507802949	0.970583233477
T.CS.153	94.78263	798.096385542	464	7.22965710182	0.981313891564
T.CS.102	79.21437	1029.43589744	481	6.92900697563	0.975910674239
T.CS.161	92.08494	1140.5	466	7.32759871853	0.986926147683
T.CS.105	90.85852	720.303571429	386	7.05814609918	0.983396876046
T.CS.100	87.11607	828.518518519	426	7.47301869175	0.988512665029
T.CS.129	84.34811	848	410	6.95106771073	0.977169261978
T.CS.144	74.32503	977.3	446	7.07943433156	0.978432640188
T.CS.116	65.95387	635.9375	296	6.41060627964	0.969754917257
T.CS.177	88.74864	894.338709677	424	6.955839021	0.977892187807
T.CS.111	64.07223	1353.78181818	466	6.74258506348	0.974117731084
T.CS.121	77.30013	1093.88888889	451	7.26419737759	0.986044700769
T.CS.125	69.24193	1161.109375	465	6.79783827372	0.974414304873
T.CS.124	83.22163	896.25	408	7.08558195097	0.979719099766
T.CS.118	71.5671	1012.68181818	446	7.07536981456	0.9835954629
T.CS.123	67.52862	1208.12244898	428	6.78750719617	0.977747602641
CS.103	70.81369	545.630434783	328	6.92782641686	0.982591205694
CS.356	35.34788	606.034482759	251	5.96774327889	0.970047136071
CS.088	40.29899	544.913043478	224	5.70294605883	0.957408127994
L.024.M1	56.79889	802.368421053	372	6.56552259482	0.975507403566
CS.242	73.69293	1106.54237288	435	6.62854487692	0.96826377386
CS.082	89.14972	719	410	7.08168303188	0.980971155042
CS.237	57.98729	597.757575758	277	5.98425714399	0.957877158788
CS.110	51.46509	583.4	248	5.88367919275	0.961447802687
CS.238	66.18718	604	310	6.78334257858	0.982936990699
CS.085	80.66386	677.960784314	376	7.1406687311	0.98487277703
CS.246	72.58829	1082.61111111	425	6.81818603639	0.977180149415
L.034.M1	70.75508	1058.01587302	460	7.21846032357	0.984031395885
CS.087	50.38845	781.75	295	5.78199966618	0.947000173546
CS.006	60.00565	727.487179487	319	6.23407554922	0.959827752034
CS.015	55.59772	709.317073171	312	5.93450621484	0.95455779694
CS.330	57.16872	860.245283019	389	6.71392196499	0.973972710421
CS.363	57.88742	679.428571429	352	6.70540903014	0.978099920108
CS.304	50.77043	666.95	295	6.06768128883	0.9621907614
CS.358	36.71331	589.146341463	275	5.4880058848	0.937236755378
CS.364	43.52221	580.181818182	319	6.22348126099	0.969224481317
CS.345.0	37.63155	386.217391304	171	4.81918383044	0.923613087483
CS.347.0	43.29714	470.034482759	232	6.06462280369	0.969047669337
CS.274	52.58266	803.725806452	390	6.69418497968	0.973216686783
CS.150	66.94112	824.529411765	365	6.447622457	0.972313900492
CS.346	39.3207	472.666666667	209	5.35391085463	0.943672537245
CS.187	60.15305	960.222222222	375	6.40752613733	0.965895974022
CS.188	59.07432	1038.67164179	464	6.99794933946	0.97794009253
CS.151	74.079	878.75	407	7.08866678888	0.983349842317
CS.325	33.53254	593.5625	249	5.50557691382	0.947953477545
CS.165	47.92018	880.625	275	6.05074099901	0.969080767146
CS.285	38.21263	564.869565217	217	5.70768438952	0.966143772092
CS.158	52.29032	487.75	237	6.1880105362	0.974004937235
CS.361	48.34804	846.65	329	6.0839114268	0.959404448476
CS.163	48.48348	482.724137931	224	5.61125977418	0.957438177321
CS.319	53.9492	753.385964912	361	6.3871986511	0.967597462705
CS.331	69.81227	900.166666667	402	6.84844477802	0.980614047102
CS.112	52.42753	423.823529412	241	5.87623492148	0.956752704276
CS.223	61.99983	848	386	6.74119286332	0.98001654455
CS.318	51.06444	945.837209302	365	6.64404594304	0.975062760632
CS.320	58.78536	1218.48648649	384	6.76643098394	0.981705839303
CS.343	44.51465	705.75	342	6.32668288632	0.966822277177
CS.152	87.54165	1207.08196721	501	7.57518731551	0.989029600546
CS.321	59.33279	1066.12244898	400	6.50523760779	0.971733817839
CS.194	40.20467	712.2	330	6.10918845056	0.964248487027
CS.227	37.19008	544.565217391	213	5.53732353545	0.953009167875
CS.370	66.09111	965	421	6.862358157	0.978998786922
CS.326	56.58978	797.32	350	6.40306491496	0.973306834763
CS.253	35.3477	452	193	5.19197465655	0.944494756501
CS.145	76.54653	1125.64179104	474	7.01539840853	0.978578531847
CS.262	54.74726	845.833333333	404	6.64796585148	0.975349753476
CS.270	55.99204	780.738095238	335	6.42339109332	0.97373710628
CS.255	63.33195	817.3	386	6.79222140496	0.980752535303
CS.393	55.79994	678.096774194	278	6.02509040176	0.963987188535
CS.390	56.30072	733.5	376	6.48283351825	0.970498311467
T.CS.045	65.05925	893.169491525	403	6.35761728919	0.947492721204
TFS.025	55.15351	777.637931034	381	6.71581603945	0.976676278822
T.CS.026	47.56452	644.87755102	327	6.29978642405	0.972353966261
T.CS.064	78.30626	1207.17808219	508	7.17147354262	0.977475852209
TFS.022	85.35109	923.585365854	484	7.53049887882	0.988977776345
TFS.021	74.06193	1249.06521739	589	7.7528956303	0.9875297472
T.CS.061	64.21836	1020.47169811	419	6.95588355221	0.982369101976
TFS.020	74.43619	920	430	7.13757444011	0.984555299362
T.CS.031	69.59732	1055.25	450	7.10036882505	0.982170950619
TFS.027	63.11404	821.0625	432	6.63983654244	0.971030053899
T.CS.036	73.66872	728.75	384	6.98749520503	0.980229067323
T.CS.066	82.80711	1037.33333333	448	7.01610680501	0.979691227927
T.CS.043	62.43045	1125.4	417	6.89697890561	0.97904407866
T.CS.008	57.31252	887.5	436	6.58064120084	0.956473114889
T.CS.055	68.59212	1196.28571429	433	6.76564831284	0.975867559988
T.CS.095	81.92477	1068.01408451	494	7.4123257758	0.984782193553
T.CS.109	84.20443	1256.125	487	7.446466494	0.9877030752
T.CS.151	68.85297	1059.6557377	451	6.86014303146	0.976006919184
T.CS.158	79.81069	1075.36842105	497	7.07137945874	0.977147922601
T.CS.157	60.1959	897.659574468	371	6.57682651712	0.974680829335
T.CS.166	78.041	1034.08333333	472	7.11500391965	0.980617531082
T.CS.142	61.04052	1043.50847458	428	6.72773244955	0.977238506078
T.CS.152	71.33776	1121.63793103	453	6.84242072759	0.972753317457
T.CS.141	57.93121	978.701754386	415	6.85157191148	0.979743487625
