PD_whole_tree	chao1	observed_otus	shannon	simpson
CS.243	59.8319	635.375	338	6.42809629799	0.96690327971
CS.036	63.08862	541.03125	279	6.55065721303	0.978710923083
CS.263	67.48583	864.714285714	355	6.24074837262	0.965915571409
CS.019	60.53423	750.527777778	308	6.20863252641	0.963951477741
CS.021	55.93926	1502.25	291	6.45316861598	0.975866253496
CS.245	54.19798	903.20754717	380	6.39147229151	0.969663898282
CS.005	87.21391	928.195652174	414	7.15163235249	0.982798937996
CS.264	50.00241	428.5	240	5.26145135452	0.934977829912
CS.010	62.52256	351.076923077	250	6.28075531098	0.944857961406
L.007.M1	69.41397	1120.59677419	477	7.16661419094	0.981992396649
L.035.M1	55.71396	1107.38636364	400	6.85722159346	0.981181500328
CS.037	47.27508	483	241	5.91222752467	0.964095191912
CS.105	69.69049	700.127659574	338	6.35411311319	0.961236586405
CS.217	73.89318	626.8	337	6.76226083092	0.975092809958
L.036.M1	71.89136	945.529411765	411	6.99718833886	0.97921914865
CS.064	69.91233	564.756756757	298	6.60108838627	0.979089805897
CS.072	85.78439	1171.27083333	437	7.02835033787	0.981414491484
CS.066	52.22094	475.090909091	244	6.01373183012	0.967176336634
CS.154	30.01407	460	156	4.85330479262	0.935241741389
CS.287	59.87732	796.4	338	6.69591888841	0.980349700127
CS.077	61.69042	787.818181818	331	6.10392871738	0.957011389784
CS.073	58.90019	688.571428571	302	6.52426661077	0.979663356087
CS.327	56.35991	1193.625	403	6.35263509688	0.967896213981
CS.334	46.2462	583	303	6.41928034707	0.974082891285
CS.058	66.93286	614.772727273	311	6.53618051833	0.977769377515
CS.118	58.82064	683.090909091	283	5.9547534053	0.959999338044
CS.301	68.72994	923.15625	429	7.04717846796	0.981761582981
CS.056	56.12641	668.625	269	6.37092230781	0.974595907325
CS.149	61.41136	789.85	381	6.62464378968	0.977054290641
CS.373	63.72245	956.784313725	385	6.37312539508	0.958786477542
CS.376	55.0281	929.346938776	373	6.415152378	0.968378309699
CS.232	87.36415	833.12244898	398	7.12496767232	0.984138528267
CS.205	50.88079	888	402	6.5871287965	0.971146767226
CS.375	53.81888	1000.02040816	380	6.38446698704	0.97116331613
CS.136	64.14091	552.825	299	6.56178134304	0.977852993033
CS.378	47.24715	569.085714286	279	6.46954394962	0.979322797052
CS.128	70.82491	1293.68421053	475	7.10430674274	0.979665969072
CS.126	72.30157	1211.87301587	476	7.0231210093	0.978482286902
CS.236	46.20137	433.166666667	210	5.55428021609	0.95268254476
CS.380	73.08874	1110.59649123	464	7.29262079238	0.984911100809
CS.041	50.89165	534.833333333	251	5.60514453667	0.932337408646
CS.125	51.33107	765.220338983	368	6.42363013852	0.964026818806
CS.203	59.31398	919.344262295	405	6.38679076113	0.962855330565
CS.224	34.16981	560.84375	248	5.35862250666	0.923013407443
CS.374	55.49643	923.660377358	378	6.69097223461	0.980555254941
CS.323	72.60433	997.172413793	430	7.1232104629	0.985316984467
CS.178	67.57516	702.666666667	358	6.77081022645	0.977249829013
CS.256	57.61418	716.631578947	364	6.57085381868	0.974419530843
CS.214	57.23535	744.666666667	346	6.29829327614	0.97100392405
CS.359	38.89341	629.75	313	6.1070300499	0.968807274724
CS.389	53.36524	717.781818182	345	6.38418449585	0.97160360409
CS.177	47.46495	668.033898305	354	6.15596419519	0.956793205542
CS.129	56.6716	935.459459459	348	6.71868482096	0.981093965333
CS.147	58.42932	847.230769231	406	6.74398006229	0.977459303304
CS.348	64.66566	918.294117647	333	6.50149004386	0.97650164433
CS.181	64.41238	881.038461538	379	6.60629832305	0.973310318743
CS.386	41.30146	534.125	279	5.56718084205	0.937366533629
CS.395	68.90364	852.01754386	402	7.00537435368	0.984435537553
CS.148	47.5661	486.766666667	303	6.14357379957	0.970204786161
CS.183	49.17559	583.914893617	303	5.98932294483	0.956720477462
T.CS.079	53.03933	636.966666667	344	6.60273114939	0.978379509495
T.CS.041	72.69004	1195.2	449	6.88680315381	0.974470048551
T.CS.042	85.55983	1109.50704225	507	7.39830215795	0.983956490317
T.CS.035	76.21983	1083.65454545	438	7.05710720871	0.981128805132
T.CS.023	40.38898	499.666666667	268	6.13024106614	0.972092667768
T.CS.076	76.56586	892.720588235	435	7.24970832703	0.987209656547
T.CS.067	58.81348	1082.875	415	6.37526497002	0.963068724334
T.CS.062	71.71145	1043.19565217	404	6.73537592434	0.969595525176
T.CS.089	70.10242	889.05	419	6.78507802949	0.970583233477
T.CS.058	66.55328	897.37254902	381	6.65214767477	0.976433706722
T.CS.046	61.19318	896.6875	381	6.59680931078	0.973229751708
T.CS.028	75.67955	1309.42857143	487	7.08161433161	0.977649180209
T.CS.040	82.47706	1217.30434783	496	7.10084344328	0.98060577265
T.CS.059	69.90013	526.411764706	316	6.58201432311	0.977206714762
T.CS.056	54.67527	866.294117647	327	6.30850200919	0.966642852212
T.CS.126	79.04796	1036.37333333	466	6.9746163331	0.980267391102
T.CS.160	103.14494	1108.52173913	497	7.50177328134	0.988042327743
T.CS.117	62.96756	1080.01886792	410	6.52233215633	0.971533053497
T.CS.130	78.76038	1044.78846154	422	7.04628516855	0.983254903865
T.CS.147	89.123	1253.72727273	553	7.66722871465	0.988291432306
T.CS.156	69.50112	1160	445	6.79265970547	0.973552455346
T.CS.153	94.78263	798.096385542	464	7.22965710182	0.981313891564
T.CS.180	72.78055	767.058823529	369	6.82958906007	0.981354828328
T.CS.178	86.36602	914.050847458	432	7.21062976028	0.984780451563
T.CS.098	84.25026	984.278688525	445	7.09317344419	0.982979669453
T.CS.092	87.55825	790.051724138	426	7.29315841023	0.976431529234
T.CS.124	83.22163	896.25	408	7.08558195097	0.979719099766
T.CS.108	89.05924	970.538461538	419	7.15242853132	0.985449375703
T.CS.161	92.08494	1140.5	466	7.32759871853	0.986926147683
T.CS.118	71.5671	1012.68181818	446	7.07536981456	0.9835954629
CS.110	51.46509	583.4	248	5.88367919275	0.961447802687
CS.246	72.58829	1082.61111111	425	6.81818603639	0.977180149415
CS.015	55.59772	709.317073171	312	5.93450621484	0.95455779694
CS.356	35.34788	606.034482759	251	5.96774327889	0.970047136071
CS.237	57.98729	597.757575758	277	5.98425714399	0.957877158788
CS.103	70.81369	545.630434783	328	6.92782641686	0.982591205694
CS.085	80.66386	677.960784314	376	7.1406687311	0.98487277703
CS.088	40.29899	544.913043478	224	5.70294605883	0.957408127994
CS.238	66.18718	604	310	6.78334257858	0.982936990699
CS.082	89.14972	719	410	7.08168303188	0.980971155042
CS.006	60.00565	727.487179487	319	6.23407554922	0.959827752034
L.034.M1	70.75508	1058.01587302	460	7.21846032357	0.984031395885
CS.087	50.38845	781.75	295	5.78199966618	0.947000173546
L.024.M1	56.79889	802.368421053	372	6.56552259482	0.975507403566
CS.241	75.66734	726.2	368	6.85324627946	0.981113127223
CS.338	59.59067	761.9	341	6.63836859261	0.977309056671
CS.358	36.71331	589.146341463	275	5.4880058848	0.937236755378
CS.165	47.92018	880.625	275	6.05074099901	0.969080767146
CS.150	66.94112	824.529411765	365	6.447622457	0.972313900492
CS.044	53.45441	782.576923077	281	6.27449230745	0.972251624351
CS.228	56.21136	460.108108108	254	6.01750865849	0.96295157551
CS.364	43.52221	580.181818182	319	6.22348126099	0.969224481317
CS.113	52.11911	711.1	271	5.87817746828	0.959037759592
CS.234	37.48329	452.083333333	258	5.59677968789	0.941445838593
CS.387	64.93147	915.957746479	427	6.94966765719	0.982711838498
CS.191	74.677	1144.9	440	7.05419639048	0.979959494379
CS.078	56.3662	589.727272727	297	6.3682733954	0.975743443204
CS.164	34.23974	265.1875	127	4.474847785	0.918791259304
CS.233	64.39509	465.069767442	264	6.00055573421	0.962936333098
CS.304	50.77043	666.95	295	6.06768128883	0.9621907614
CS.319	53.9492	753.385964912	361	6.3871986511	0.967597462705
CS.152	87.54165	1207.08196721	501	7.57518731551	0.989029600546
CS.194	40.20467	712.2	330	6.10918845056	0.964248487027
CS.285	38.21263	564.869565217	217	5.70768438952	0.966143772092
CS.322	49.82949	778.019230769	356	6.5752519076	0.977547273797
CS.318	51.06444	945.837209302	365	6.64404594304	0.975062760632
CS.112	52.42753	423.823529412	241	5.87623492148	0.956752704276
CS.320	58.78536	1218.48648649	384	6.76643098394	0.981705839303
CS.158	52.29032	487.75	237	6.1880105362	0.974004937235
CS.343	44.51465	705.75	342	6.32668288632	0.966822277177
CS.163	48.48348	482.724137931	224	5.61125977418	0.957438177321
CS.227	37.19008	544.565217391	213	5.53732353545	0.953009167875
CS.080	46.68489	562.387096774	253	6.1549317024	0.971206865879
CS.331	69.81227	900.166666667	402	6.84844477802	0.980614047102
CS.223	61.99983	848	386	6.74119286332	0.98001654455
CS.145	76.54653	1125.64179104	474	7.01539840853	0.978578531847
CS.270	55.99204	780.738095238	335	6.42339109332	0.97373710628
CS.390	56.30072	733.5	376	6.48283351825	0.970498311467
CS.255	63.33195	817.3	386	6.79222140496	0.980752535303
CS.370	66.09111	965	421	6.862358157	0.978998786922
CS.262	54.74726	845.833333333	404	6.64796585148	0.975349753476
CS.393	55.79994	678.096774194	278	6.02509040176	0.963987188535
CS.253	35.3477	452	193	5.19197465655	0.944494756501
CS.326	56.58978	797.32	350	6.40306491496	0.973306834763
T.CS.036	73.66872	728.75	384	6.98749520503	0.980229067323
T.CS.049	50.15581	862.62	372	6.56196279248	0.974686055305
TFS.027	63.11404	821.0625	432	6.63983654244	0.971030053899
T.CS.008	57.31252	887.5	436	6.58064120084	0.956473114889
T.CS.026	47.56452	644.87755102	327	6.29978642405	0.972353966261
T.CS.064	78.30626	1207.17808219	508	7.17147354262	0.977475852209
T.CS.061	64.21836	1020.47169811	419	6.95588355221	0.982369101976
T.CS.043	62.43045	1125.4	417	6.89697890561	0.97904407866
TFS.022	85.35109	923.585365854	484	7.53049887882	0.988977776345
T.CS.055	68.59212	1196.28571429	433	6.76564831284	0.975867559988
TFS.025	55.15351	777.637931034	381	6.71581603945	0.976676278822
T.CS.031	69.59732	1055.25	450	7.10036882505	0.982170950619
TFS.021	74.06193	1249.06521739	589	7.7528956303	0.9875297472
T.CS.045	65.05925	893.169491525	403	6.35761728919	0.947492721204
TFS.020	74.43619	920	430	7.13757444011	0.984555299362
T.CS.141	57.93121	978.701754386	415	6.85157191148	0.979743487625
T.CS.095	81.92477	1068.01408451	494	7.4123257758	0.984782193553
T.CS.151	68.85297	1059.6557377	451	6.86014303146	0.976006919184
T.CS.166	78.041	1034.08333333	472	7.11500391965	0.980617531082
T.CS.142	61.04052	1043.50847458	428	6.72773244955	0.977238506078
T.CS.158	79.81069	1075.36842105	497	7.07137945874	0.977147922601
T.CS.152	71.33776	1121.63793103	453	6.84242072759	0.972753317457
T.CS.157	60.1959	897.659574468	371	6.57682651712	0.974680829335
T.CS.109	84.20443	1256.125	487	7.446466494	0.9877030752
