PD_whole_tree	chao1	observed_otus	shannon	simpson
CS.035	65.71162	685.135135135	315	6.36193399321	0.965595480755
CS.313	79.00583	925.982142857	435	7.31479954166	0.986734528788
L.008.M1	48.26063	775.4	342	6.22021006954	0.960181811491
CS.106	71.28009	559.5	324	6.50326337233	0.973281575909
CS.244	63.61954	489.161290323	274	6.76268413751	0.983052833031
CS.260	59.33226	720.333333333	338	6.4665581437	0.972846078421
CS.101	74.43904	775	340	6.82961558164	0.979415993515
CS.245	54.19798	903.20754717	380	6.39147229151	0.969663898282
CS.028	77.99057	596.826086957	334	6.79842140871	0.980433315645
CS.038	51.52944	592.8	282	6.07038893117	0.957079327392
CS.007	65.82883	842.01754386	380	6.40182612807	0.962483415711
CS.281	69.33108	1073.68292683	380	6.53564019851	0.968237208513
CS.295	60.26104	823.610169492	385	6.52059363954	0.969244078704
CS.265	97.47906	820.391891892	452	7.12389616961	0.974288446099
CS.086	76.85528	752.487179487	344	6.6584794928	0.974132537999
CS.301	68.72994	923.15625	429	7.04717846796	0.981761582981
CS.368	79.21084	1118.78846154	441	7.18501345283	0.984324485694
CS.171	62.12473	644.375	302	6.02866622131	0.944641083657
CS.062	63.05917	793.777777778	321	6.3955299512	0.970645074121
CS.064	69.91233	564.756756757	298	6.60108838627	0.979089805897
CS.050	42.19777	394.058823529	189	5.91222707649	0.968157076976
CS.230	42.67571	561.027027027	271	5.86024907839	0.947471381827
CS.073	58.90019	688.571428571	302	6.52426661077	0.979663356087
CS.161	48.61543	484.303030303	238	5.83257989884	0.963981962565
CS.067	35.34234	309.882352941	151	5.12352270866	0.944192956743
CS.040	61.12304	719	304	6.11328587049	0.962114984837
CS.367	35.51786	519.029411765	241	5.76612704329	0.963685824274
CS.366	41.97411	784.2	321	6.0310979711	0.957813140658
CS.149	61.41136	789.85	381	6.62464378968	0.977054290641
CS.127	62.95792	1080.48214286	432	6.97132601311	0.982353424066
CS.232	87.36415	833.12244898	398	7.12496767232	0.984138528267
CS.380	73.08874	1110.59649123	464	7.29262079238	0.984911100809
CS.374	55.49643	923.660377358	378	6.69097223461	0.980555254941
CS.203	59.31398	919.344262295	405	6.38679076113	0.962855330565
CS.125	51.33107	765.220338983	368	6.42363013852	0.964026818806
CS.136	64.14091	552.825	299	6.56178134304	0.977852993033
CS.128	70.82491	1293.68421053	475	7.10430674274	0.979665969072
CS.282	51.91179	1016.15789474	353	6.38992314933	0.972062182944
CS.126	72.30157	1211.87301587	476	7.0231210093	0.978482286902
CS.236	46.20137	433.166666667	210	5.55428021609	0.95268254476
CS.376	55.0281	929.346938776	373	6.415152378	0.968378309699
CS.378	47.24715	569.085714286	279	6.46954394962	0.979322797052
CS.292	64.59762	598.068181818	298	6.23962856774	0.966922441599
CS.041	50.89165	534.833333333	251	5.60514453667	0.932337408646
CS.224	34.16981	560.84375	248	5.35862250666	0.923013407443
CS.372	57.11989	722.566037736	362	6.75957425621	0.979794440831
CS.256	57.61418	716.631578947	364	6.57085381868	0.974419530843
CS.359	38.89341	629.75	313	6.1070300499	0.968807274724
CS.389	53.36524	717.781818182	345	6.38418449585	0.97160360409
CS.395	68.90364	852.01754386	402	7.00537435368	0.984435537553
CS.129	56.6716	935.459459459	348	6.71868482096	0.981093965333
CS.182	78.28983	838.180722892	448	7.10242456785	0.983314567021
CS.254	62.16516	754.75	389	6.85870674223	0.977434915445
CS.369	48.5155	451	271	5.76314234833	0.957610198829
CS.181	64.41238	881.038461538	379	6.60629832305	0.973310318743
CS.268	59.68666	596.083333333	298	6.55616118203	0.977718859807
CS.148	47.5661	486.766666667	303	6.14357379957	0.970204786161
CS.348	64.66566	918.294117647	333	6.50149004386	0.97650164433
CS.183	49.17559	583.914893617	303	5.98932294483	0.956720477462
CS.177	47.46495	668.033898305	354	6.15596419519	0.956793205542
T.CS.079	53.03933	636.966666667	344	6.60273114939	0.978379509495
T.CS.014	67.02432	855.022222222	372	6.6680817653	0.97373536429
T.CS.059	69.90013	526.411764706	316	6.58201432311	0.977206714762
T.CS.024	65.71117	1028.5	406	6.75847969423	0.976613567184
T.CS.001	51.28516	791.918367347	361	6.26814834108	0.959664440476
TFS.024	57.08813	893.622222222	368	6.64555195495	0.97649990234
T.CS.042	85.55983	1109.50704225	507	7.39830215795	0.983956490317
T.CS.038	89.12644	689.542372881	382	7.04704559662	0.983397311543
T.CS.016	64.4371	1012.55813953	384	6.9380758968	0.984133737794
T.CS.080	61.42408	798.571428571	395	6.7836253576	0.977380042761
T.CS.072	85.50214	843.153846154	438	7.24228384431	0.983714353714
T.CS.035	76.21983	1083.65454545	438	7.05710720871	0.981128805132
TFS.023	59.44978	914.118644068	395	6.78833076827	0.980861409675
T.CS.050	64.39068	879.222222222	383	6.47567975545	0.968356099327
T.CS.048	60.09315	1007	378	7.03084269579	0.985694125291
T.CS.120	73.60569	1351.02040816	460	7.04286832258	0.981471106157
T.CS.167	67.45713	1092.47761194	454	6.64247245951	0.969674350221
T.CS.117	62.96756	1080.01886792	410	6.52233215633	0.971533053497
T.CS.121	77.30013	1093.88888889	451	7.26419737759	0.986044700769
T.CS.104	88.68259	1167.47457627	467	6.90910636658	0.974018873155
T.CS.129	84.34811	848	410	6.95106771073	0.977169261978
T.CS.091	85.16412	1180.25	494	7.30643276004	0.984324921191
T.CS.116	65.95387	635.9375	296	6.41060627964	0.969754917257
T.CS.106	83.0265	801.554054054	430	6.87441342946	0.974452193154
T.CS.125	69.24193	1161.109375	465	6.79783827372	0.974414304873
T.CS.131	81.53118	1127.55882353	468	6.86189151315	0.974474839024
T.CS.159	95.15364	926.833333333	422	7.15131294291	0.983327631945
T.CS.100	87.11607	828.518518519	426	7.47301869175	0.988512665029
T.CS.126	79.04796	1036.37333333	466	6.9746163331	0.980267391102
T.CS.153	94.78263	798.096385542	464	7.22965710182	0.981313891564
CS.237	57.98729	597.757575758	277	5.98425714399	0.957877158788
CS.110	51.46509	583.4	248	5.88367919275	0.961447802687
CS.103	70.81369	545.630434783	328	6.92782641686	0.982591205694
CS.242	73.69293	1106.54237288	435	6.62854487692	0.96826377386
CS.006	60.00565	727.487179487	319	6.23407554922	0.959827752034
CS.238	66.18718	604	310	6.78334257858	0.982936990699
CS.087	50.38845	781.75	295	5.78199966618	0.947000173546
CS.082	89.14972	719	410	7.08168303188	0.980971155042
CS.246	72.58829	1082.61111111	425	6.81818603639	0.977180149415
CS.085	80.66386	677.960784314	376	7.1406687311	0.98487277703
CS.088	40.29899	544.913043478	224	5.70294605883	0.957408127994
L.034.M1	70.75508	1058.01587302	460	7.21846032357	0.984031395885
L.024.M1	56.79889	802.368421053	372	6.56552259482	0.975507403566
CS.015	55.59772	709.317073171	312	5.93450621484	0.95455779694
CS.241	75.66734	726.2	368	6.85324627946	0.981113127223
CS.358	36.71331	589.146341463	275	5.4880058848	0.937236755378
CS.304	50.77043	666.95	295	6.06768128883	0.9621907614
CS.347.0	43.29714	470.034482759	232	6.06462280369	0.969047669337
CS.189	53.15177	700.923076923	297	6.12030120477	0.967521686142
CS.346	39.3207	472.666666667	209	5.35391085463	0.943672537245
CS.274	52.58266	803.725806452	390	6.69418497968	0.973216686783
CS.228	56.21136	460.108108108	254	6.01750865849	0.96295157551
CS.325	33.53254	593.5625	249	5.50557691382	0.947953477545
CS.338	59.59067	761.9	341	6.63836859261	0.977309056671
CS.187	60.15305	960.222222222	375	6.40752613733	0.965895974022
CS.164	34.23974	265.1875	127	4.474847785	0.918791259304
CS.345.0	37.63155	386.217391304	171	4.81918383044	0.923613087483
CS.233	64.39509	465.069767442	264	6.00055573421	0.962936333098
CS.234	37.48329	452.083333333	258	5.59677968789	0.941445838593
CS.336	62.30037	949.9	364	6.8173638144	0.982815922398
CS.080	46.68489	562.387096774	253	6.1549317024	0.971206865879
CS.227	37.19008	544.565217391	213	5.53732353545	0.953009167875
CS.194	40.20467	712.2	330	6.10918845056	0.964248487027
CS.319	53.9492	753.385964912	361	6.3871986511	0.967597462705
CS.163	48.48348	482.724137931	224	5.61125977418	0.957438177321
CS.331	69.81227	900.166666667	402	6.84844477802	0.980614047102
CS.321	59.33279	1066.12244898	400	6.50523760779	0.971733817839
CS.152	87.54165	1207.08196721	501	7.57518731551	0.989029600546
CS.285	38.21263	564.869565217	217	5.70768438952	0.966143772092
CS.223	61.99983	848	386	6.74119286332	0.98001654455
CS.320	58.78536	1218.48648649	384	6.76643098394	0.981705839303
CS.158	52.29032	487.75	237	6.1880105362	0.974004937235
CS.318	51.06444	945.837209302	365	6.64404594304	0.975062760632
CS.112	52.42753	423.823529412	241	5.87623492148	0.956752704276
CS.202	50.96405	914.645833333	366	6.07334563574	0.954360952076
CS.255	63.33195	817.3	386	6.79222140496	0.980752535303
CS.270	55.99204	780.738095238	335	6.42339109332	0.97373710628
CS.145	76.54653	1125.64179104	474	7.01539840853	0.978578531847
CS.370	66.09111	965	421	6.862358157	0.978998786922
CS.393	55.79994	678.096774194	278	6.02509040176	0.963987188535
CS.262	54.74726	845.833333333	404	6.64796585148	0.975349753476
CS.326	56.58978	797.32	350	6.40306491496	0.973306834763
CS.253	35.3477	452	193	5.19197465655	0.944494756501
CS.390	56.30072	733.5	376	6.48283351825	0.970498311467
T.CS.045	65.05925	893.169491525	403	6.35761728919	0.947492721204
T.CS.008	57.31252	887.5	436	6.58064120084	0.956473114889
T.CS.031	69.59732	1055.25	450	7.10036882505	0.982170950619
TFS.025	55.15351	777.637931034	381	6.71581603945	0.976676278822
T.CS.049	50.15581	862.62	372	6.56196279248	0.974686055305
T.CS.064	78.30626	1207.17808219	508	7.17147354262	0.977475852209
T.CS.043	62.43045	1125.4	417	6.89697890561	0.97904407866
T.CS.066	82.80711	1037.33333333	448	7.01610680501	0.979691227927
TFS.027	63.11404	821.0625	432	6.63983654244	0.971030053899
T.CS.026	47.56452	644.87755102	327	6.29978642405	0.972353966261
TFS.022	85.35109	923.585365854	484	7.53049887882	0.988977776345
T.CS.061	64.21836	1020.47169811	419	6.95588355221	0.982369101976
T.CS.055	68.59212	1196.28571429	433	6.76564831284	0.975867559988
T.CS.036	73.66872	728.75	384	6.98749520503	0.980229067323
TFS.021	74.06193	1249.06521739	589	7.7528956303	0.9875297472
T.CS.166	78.041	1034.08333333	472	7.11500391965	0.980617531082
T.CS.152	71.33776	1121.63793103	453	6.84242072759	0.972753317457
T.CS.151	68.85297	1059.6557377	451	6.86014303146	0.976006919184
T.CS.095	81.92477	1068.01408451	494	7.4123257758	0.984782193553
T.CS.142	61.04052	1043.50847458	428	6.72773244955	0.977238506078
T.CS.157	60.1959	897.659574468	371	6.57682651712	0.974680829335
T.CS.141	57.93121	978.701754386	415	6.85157191148	0.979743487625
T.CS.109	84.20443	1256.125	487	7.446466494	0.9877030752
T.CS.158	79.81069	1075.36842105	497	7.07137945874	0.977147922601
