PD_whole_tree	chao1	observed_otus	shannon	simpson
CS.019	60.53423	750.527777778	308	6.20863252641	0.963951477741
CS.091	55.72078	684.24	255	6.066246071	0.972315642482
CS.037	47.27508	483	241	5.91222752467	0.964095191912
CS.280	83.39063	1210.08064516	477	7.04841912914	0.979812731725
CS.099	67.16284	808.386363636	347	6.18040036375	0.9539755368
CS.354	60.82721	1116.7755102	419	6.82118206902	0.974552793074
CS.009	41.96573	407.117647059	221	5.88402514309	0.968875212332
L.031.M1	85.97143	843.337837838	446	7.18369394995	0.982809389936
CS.257	71.43757	1174.38181818	454	6.94926444886	0.978245376269
CS.093	77.93923	608.101694915	353	6.83245033616	0.97778766841
CS.217	73.89318	626.8	337	6.76226083092	0.975092809958
CS.277	69.93513	1059.56	422	6.99826226099	0.981864795886
CS.293	70.45321	1065.35	442	6.91126224323	0.97709435641
CS.038	51.52944	592.8	282	6.07038893117	0.957079327392
CS.007	65.82883	842.01754386	380	6.40182612807	0.962483415711
CS.161	48.61543	484.303030303	238	5.83257989884	0.963981962565
CS.073	58.90019	688.571428571	302	6.52426661077	0.979663356087
CS.118	58.82064	683.090909091	283	5.9547534053	0.959999338044
CS.335	33.76463	576.27027027	262	5.69736265406	0.956336804176
CS.060	55.22339	626.913043478	251	6.1521974145	0.973900853336
CS.050	42.19777	394.058823529	189	5.91222707649	0.968157076976
CS.066	52.22094	475.090909091	244	6.01373183012	0.967176336634
CS.064	69.91233	564.756756757	298	6.60108838627	0.979089805897
CS.137	62.84043	551.246153846	338	6.61935329435	0.9750335823
CS.067	35.34234	309.882352941	151	5.12352270866	0.944192956743
CS.373	63.72245	956.784313725	385	6.37312539508	0.958786477542
CS.040	61.12304	719	304	6.11328587049	0.962114984837
CS.388	41.60466	649.9	295	6.18997178471	0.971357983507
CS.154	30.01407	460	156	4.85330479262	0.935241741389
CS.301	68.72994	923.15625	429	7.04717846796	0.981761582981
CS.374	55.49643	923.660377358	378	6.69097223461	0.980555254941
CS.205	50.88079	888	402	6.5871287965	0.971146767226
CS.136	64.14091	552.825	299	6.56178134304	0.977852993033
CS.376	55.0281	929.346938776	373	6.415152378	0.968378309699
CS.375	53.81888	1000.02040816	380	6.38446698704	0.97116331613
CS.125	51.33107	765.220338983	368	6.42363013852	0.964026818806
CS.236	46.20137	433.166666667	210	5.55428021609	0.95268254476
CS.224	34.16981	560.84375	248	5.35862250666	0.923013407443
CS.041	50.89165	534.833333333	251	5.60514453667	0.932337408646
CS.380	73.08874	1110.59649123	464	7.29262079238	0.984911100809
CS.232	87.36415	833.12244898	398	7.12496767232	0.984138528267
CS.213	43.6912	709.818181818	323	6.32848837632	0.970762222945
CS.378	47.24715	569.085714286	279	6.46954394962	0.979322797052
CS.292	64.59762	598.068181818	298	6.23962856774	0.966922441599
CS.302	37.88055	655.59375	268	5.84781774126	0.959819042084
CS.129	56.6716	935.459459459	348	6.71868482096	0.981093965333
CS.214	57.23535	744.666666667	346	6.29829327614	0.97100392405
CS.147	58.42932	847.230769231	406	6.74398006229	0.977459303304
CS.349	74.49299	795.6	429	7.02620693026	0.980594885213
CS.256	57.61418	716.631578947	364	6.57085381868	0.974419530843
CS.369	48.5155	451	271	5.76314234833	0.957610198829
CS.181	64.41238	881.038461538	379	6.60629832305	0.973310318743
CS.182	78.28983	838.180722892	448	7.10242456785	0.983314567021
CS.348	64.66566	918.294117647	333	6.50149004386	0.97650164433
CS.254	62.16516	754.75	389	6.85870674223	0.977434915445
CS.177	47.46495	668.033898305	354	6.15596419519	0.956793205542
CS.148	47.5661	486.766666667	303	6.14357379957	0.970204786161
CS.372	57.11989	722.566037736	362	6.75957425621	0.979794440831
CS.395	68.90364	852.01754386	402	7.00537435368	0.984435537553
CS.166	66.26063	928.5	376	6.78491363107	0.979089805897
T.CS.023	40.38898	499.666666667	268	6.13024106614	0.972092667768
T.CS.071	75.36113	1266.04761905	491	6.97095459806	0.97511153635
T.CS.059	69.90013	526.411764706	316	6.58201432311	0.977206714762
T.CS.067	58.81348	1082.875	415	6.37526497002	0.963068724334
T.CS.079	53.03933	636.966666667	344	6.60273114939	0.978379509495
T.CS.025	66.86535	1078.41176471	408	6.7995361445	0.98035971657
T.CS.014	67.02432	855.022222222	372	6.6680817653	0.97373536429
T.CS.076	76.56586	892.720588235	435	7.24970832703	0.987209656547
T.CS.024	65.71117	1028.5	406	6.75847969423	0.976613567184
T.CS.016	64.4371	1012.55813953	384	6.9380758968	0.984133737794
T.CS.035	76.21983	1083.65454545	438	7.05710720871	0.981128805132
T.CS.040	82.47706	1217.30434783	496	7.10084344328	0.98060577265
T.CS.001	51.28516	791.918367347	361	6.26814834108	0.959664440476
T.CS.007	48.22489	745.765957447	335	6.23828935331	0.967427618684
T.CS.089	70.10242	889.05	419	6.78507802949	0.970583233477
T.CS.134	69.54457	928.512820513	456	6.67915939831	0.969938697196
T.CS.121	77.30013	1093.88888889	451	7.26419737759	0.986044700769
T.CS.139	82.92212	1050.20547945	488	7.27250025817	0.98383977699
T.CS.178	86.36602	914.050847458	432	7.21062976028	0.984780451563
T.CS.097	79.35565	1027.38356164	473	6.90584544245	0.973073843607
T.CS.117	62.96756	1080.01886792	410	6.52233215633	0.971533053497
T.CS.129	84.34811	848	410	6.95106771073	0.977169261978
T.CS.180	72.78055	767.058823529	369	6.82958906007	0.981354828328
T.CS.120	73.60569	1351.02040816	460	7.04286832258	0.981471106157
T.CS.106	83.0265	801.554054054	430	6.87441342946	0.974452193154
T.CS.114	84.63574	712.080645161	407	6.91773303372	0.968194965257
T.CS.104	88.68259	1167.47457627	467	6.90910636658	0.974018873155
T.CS.160	103.14494	1108.52173913	497	7.50177328134	0.988042327743
T.CS.111	64.07223	1353.78181818	466	6.74258506348	0.974117731084
T.CS.144	74.32503	977.3	446	7.07943433156	0.978432640188
CS.246	72.58829	1082.61111111	425	6.81818603639	0.977180149415
CS.110	51.46509	583.4	248	5.88367919275	0.961447802687
CS.088	40.29899	544.913043478	224	5.70294605883	0.957408127994
CS.082	89.14972	719	410	7.08168303188	0.980971155042
CS.085	80.66386	677.960784314	376	7.1406687311	0.98487277703
CS.087	50.38845	781.75	295	5.78199966618	0.947000173546
L.034.M1	70.75508	1058.01587302	460	7.21846032357	0.984031395885
CS.237	57.98729	597.757575758	277	5.98425714399	0.957877158788
CS.242	73.69293	1106.54237288	435	6.62854487692	0.96826377386
CS.241	75.66734	726.2	368	6.85324627946	0.981113127223
L.024.M1	56.79889	802.368421053	372	6.56552259482	0.975507403566
CS.006	60.00565	727.487179487	319	6.23407554922	0.959827752034
CS.238	66.18718	604	310	6.78334257858	0.982936990699
CS.103	70.81369	545.630434783	328	6.92782641686	0.982591205694
CS.356	35.34788	606.034482759	251	5.96774327889	0.970047136071
CS.187	60.15305	960.222222222	375	6.40752613733	0.965895974022
CS.363	57.88742	679.428571429	352	6.70540903014	0.978099920108
CS.346	39.3207	472.666666667	209	5.35391085463	0.943672537245
CS.311	57.14124	699.871794872	305	6.28005565622	0.971325756693
CS.191	74.677	1144.9	440	7.05419639048	0.979959494379
CS.325	33.53254	593.5625	249	5.50557691382	0.947953477545
CS.212	51.51703	783.568965517	372	6.52368319866	0.972152330924
CS.164	34.23974	265.1875	127	4.474847785	0.918791259304
CS.188	59.07432	1038.67164179	464	6.99794933946	0.97794009253
CS.336	62.30037	949.9	364	6.8173638144	0.982815922398
CS.364	43.52221	580.181818182	319	6.22348126099	0.969224481317
CS.358	36.71331	589.146341463	275	5.4880058848	0.937236755378
CS.233	64.39509	465.069767442	264	6.00055573421	0.962936333098
CS.234	37.48329	452.083333333	258	5.59677968789	0.941445838593
CS.387	64.93147	915.957746479	427	6.94966765719	0.982711838498
CS.112	52.42753	423.823529412	241	5.87623492148	0.956752704276
CS.331	69.81227	900.166666667	402	6.84844477802	0.980614047102
CS.361	48.34804	846.65	329	6.0839114268	0.959404448476
CS.223	61.99983	848	386	6.74119286332	0.98001654455
CS.321	59.33279	1066.12244898	400	6.50523760779	0.971733817839
CS.202	50.96405	914.645833333	366	6.07334563574	0.954360952076
CS.227	37.19008	544.565217391	213	5.53732353545	0.953009167875
CS.158	52.29032	487.75	237	6.1880105362	0.974004937235
CS.163	48.48348	482.724137931	224	5.61125977418	0.957438177321
CS.194	40.20467	712.2	330	6.10918845056	0.964248487027
CS.318	51.06444	945.837209302	365	6.64404594304	0.975062760632
CS.319	53.9492	753.385964912	361	6.3871986511	0.967597462705
CS.322	49.82949	778.019230769	356	6.5752519076	0.977547273797
CS.339	42.78467	1062.26086957	298	5.93989961751	0.955460147734
CS.285	38.21263	564.869565217	217	5.70768438952	0.966143772092
CS.253	35.3477	452	193	5.19197465655	0.944494756501
CS.370	66.09111	965	421	6.862358157	0.978998786922
CS.145	76.54653	1125.64179104	474	7.01539840853	0.978578531847
CS.255	63.33195	817.3	386	6.79222140496	0.980752535303
CS.326	56.58978	797.32	350	6.40306491496	0.973306834763
CS.393	55.79994	678.096774194	278	6.02509040176	0.963987188535
CS.262	54.74726	845.833333333	404	6.64796585148	0.975349753476
CS.270	55.99204	780.738095238	335	6.42339109332	0.97373710628
CS.390	56.30072	733.5	376	6.48283351825	0.970498311467
T.CS.008	57.31252	887.5	436	6.58064120084	0.956473114889
T.CS.026	47.56452	644.87755102	327	6.29978642405	0.972353966261
TFS.025	55.15351	777.637931034	381	6.71581603945	0.976676278822
T.CS.031	69.59732	1055.25	450	7.10036882505	0.982170950619
TFS.020	74.43619	920	430	7.13757444011	0.984555299362
T.CS.064	78.30626	1207.17808219	508	7.17147354262	0.977475852209
TFS.021	74.06193	1249.06521739	589	7.7528956303	0.9875297472
T.CS.036	73.66872	728.75	384	6.98749520503	0.980229067323
T.CS.061	64.21836	1020.47169811	419	6.95588355221	0.982369101976
T.CS.045	65.05925	893.169491525	403	6.35761728919	0.947492721204
TFS.022	85.35109	923.585365854	484	7.53049887882	0.988977776345
T.CS.043	62.43045	1125.4	417	6.89697890561	0.97904407866
T.CS.066	82.80711	1037.33333333	448	7.01610680501	0.979691227927
T.CS.049	50.15581	862.62	372	6.56196279248	0.974686055305
T.CS.055	68.59212	1196.28571429	433	6.76564831284	0.975867559988
T.CS.158	79.81069	1075.36842105	497	7.07137945874	0.977147922601
T.CS.095	81.92477	1068.01408451	494	7.4123257758	0.984782193553
T.CS.141	57.93121	978.701754386	415	6.85157191148	0.979743487625
T.CS.157	60.1959	897.659574468	371	6.57682651712	0.974680829335
T.CS.151	68.85297	1059.6557377	451	6.86014303146	0.976006919184
T.CS.152	71.33776	1121.63793103	453	6.84242072759	0.972753317457
T.CS.166	78.041	1034.08333333	472	7.11500391965	0.980617531082
T.CS.142	61.04052	1043.50847458	428	6.72773244955	0.977238506078
T.CS.109	84.20443	1256.125	487	7.446466494	0.9877030752
