PD_whole_tree	chao1	observed_otus	shannon	simpson
CS.021	55.93926	1502.25	291	6.45316861598	0.975866253496
CS.314	66.81832	885	375	6.88235303534	0.979356330359
CS.043	64.34857	730	315	6.74331503581	0.979833635605
CS.039	63.3587	645.636363636	323	6.48697468786	0.972185428733
CS.280	83.39063	1210.08064516	477	7.04841912914	0.979812731725
CS.265	97.47906	820.391891892	452	7.12389616961	0.974288446099
CS.260	59.33226	720.333333333	338	6.4665581437	0.972846078421
CS.245	54.19798	903.20754717	380	6.39147229151	0.969663898282
L.036.M1	71.89136	945.529411765	411	6.99718833886	0.97921914865
CS.099	67.16284	808.386363636	347	6.18040036375	0.9539755368
CS.007	65.82883	842.01754386	380	6.40182612807	0.962483415711
CS.263	67.48583	864.714285714	355	6.24074837262	0.965915571409
CS.036	63.08862	541.03125	279	6.55065721303	0.978710923083
CS.005	87.21391	928.195652174	414	7.15163235249	0.982798937996
CS.257	71.43757	1174.38181818	454	6.94926444886	0.978245376269
CS.042	50.70491	1049.64705882	273	6.18995964707	0.973014615949
CS.117	61.416	617.6	281	6.28119277593	0.974535373175
CS.040	61.12304	719	304	6.11328587049	0.962114984837
CS.305	77.52314	1076.62295082	459	7.06400878246	0.977686197495
CS.077	61.69042	787.818181818	331	6.10392871738	0.957011389784
CS.076	51.772	521.181818182	243	5.83708274666	0.964640434766
CS.368	79.21084	1118.78846154	441	7.18501345283	0.984324485694
CS.171	62.12473	644.375	302	6.02866622131	0.944641083657
CS.381	75.59578	1054.17021277	413	7.21553544724	0.987855499321
CS.269	35.64252	530.875	244	5.63820648881	0.953633235775
CS.367	35.51786	519.029411765	241	5.76612704329	0.963685824274
CS.058	66.93286	614.772727273	311	6.53618051833	0.977769377515
CS.137	62.84043	551.246153846	338	6.61935329435	0.9750335823
CS.154	30.01407	460	156	4.85330479262	0.935241741389
CS.060	55.22339	626.913043478	251	6.1521974145	0.973900853336
CS.136	64.14091	552.825	299	6.56178134304	0.977852993033
CS.376	55.0281	929.346938776	373	6.415152378	0.968378309699
CS.232	87.36415	833.12244898	398	7.12496767232	0.984138528267
CS.213	43.6912	709.818181818	323	6.32848837632	0.970762222945
CS.374	55.49643	923.660377358	378	6.69097223461	0.980555254941
CS.378	47.24715	569.085714286	279	6.46954394962	0.979322797052
CS.375	53.81888	1000.02040816	380	6.38446698704	0.97116331613
CS.205	50.88079	888	402	6.5871287965	0.971146767226
CS.292	64.59762	598.068181818	298	6.23962856774	0.966922441599
CS.125	51.33107	765.220338983	368	6.42363013852	0.964026818806
CS.302	37.88055	655.59375	268	5.84781774126	0.959819042084
CS.380	73.08874	1110.59649123	464	7.29262079238	0.984911100809
CS.203	59.31398	919.344262295	405	6.38679076113	0.962855330565
CS.282	51.91179	1016.15789474	353	6.38992314933	0.972062182944
CS.041	50.89165	534.833333333	251	5.60514453667	0.932337408646
CS.177	47.46495	668.033898305	354	6.15596419519	0.956793205542
CS.129	56.6716	935.459459459	348	6.71868482096	0.981093965333
CS.256	57.61418	716.631578947	364	6.57085381868	0.974419530843
CS.182	78.28983	838.180722892	448	7.10242456785	0.983314567021
CS.348	64.66566	918.294117647	333	6.50149004386	0.97650164433
CS.369	48.5155	451	271	5.76314234833	0.957610198829
CS.254	62.16516	754.75	389	6.85870674223	0.977434915445
CS.183	49.17559	583.914893617	303	5.98932294483	0.956720477462
CS.372	57.11989	722.566037736	362	6.75957425621	0.979794440831
CS.389	53.36524	717.781818182	345	6.38418449585	0.97160360409
CS.323	72.60433	997.172413793	430	7.1232104629	0.985316984467
CS.178	67.57516	702.666666667	358	6.77081022645	0.977249829013
CS.386	41.30146	534.125	279	5.56718084205	0.937366533629
CS.147	58.42932	847.230769231	406	6.74398006229	0.977459303304
CS.181	64.41238	881.038461538	379	6.60629832305	0.973310318743
T.CS.076	76.56586	892.720588235	435	7.24970832703	0.987209656547
T.CS.069	75.43499	1044	482	7.25459416347	0.982750597775
T.CS.079	53.03933	636.966666667	344	6.60273114939	0.978379509495
T.CS.072	85.50214	843.153846154	438	7.24228384431	0.983714353714
T.CS.022	72.2385	969.081967213	434	7.12033643207	0.98170104883
T.CS.007	48.22489	745.765957447	335	6.23828935331	0.967427618684
T.CS.016	64.4371	1012.55813953	384	6.9380758968	0.984133737794
T.CS.028	75.67955	1309.42857143	487	7.08161433161	0.977649180209
T.CS.024	65.71117	1028.5	406	6.75847969423	0.976613567184
T.CS.003	71.68788	1045.52941176	467	7.03553985188	0.977866928952
T.CS.014	67.02432	855.022222222	372	6.6680817653	0.97373536429
T.CS.048	60.09315	1007	378	7.03084269579	0.985694125291
T.CS.029	80.9126	789.4	412	6.94437874091	0.976970239626
T.CS.040	82.47706	1217.30434783	496	7.10084344328	0.98060577265
T.CS.067	58.81348	1082.875	415	6.37526497002	0.963068724334
T.CS.128	86.10473	1189.06976744	430	7.01123743532	0.977528982902
T.CS.125	69.24193	1161.109375	465	6.79783827372	0.974414304873
T.CS.098	84.25026	984.278688525	445	7.09317344419	0.982979669453
T.CS.132	96.12883	922.630136986	479	7.25809727519	0.976359236651
T.CS.118	71.5671	1012.68181818	446	7.07536981456	0.9835954629
T.CS.110	84.52998	1048.01587302	450	7.00845971088	0.979095902861
T.CS.121	77.30013	1093.88888889	451	7.26419737759	0.986044700769
T.CS.134	69.54457	928.512820513	456	6.67915939831	0.969938697196
T.CS.130	78.76038	1044.78846154	422	7.04628516855	0.983254903865
T.CS.116	65.95387	635.9375	296	6.41060627964	0.969754917257
T.CS.144	74.32503	977.3	446	7.07943433156	0.978432640188
T.CS.105	90.85852	720.303571429	386	7.05814609918	0.983396876046
T.CS.104	88.68259	1167.47457627	467	6.90910636658	0.974018873155
T.CS.156	69.50112	1160	445	6.79265970547	0.973552455346
T.CS.097	79.35565	1027.38356164	473	6.90584544245	0.973073843607
CS.103	70.81369	545.630434783	328	6.92782641686	0.982591205694
CS.088	40.29899	544.913043478	224	5.70294605883	0.957408127994
L.034.M1	70.75508	1058.01587302	460	7.21846032357	0.984031395885
CS.110	51.46509	583.4	248	5.88367919275	0.961447802687
CS.241	75.66734	726.2	368	6.85324627946	0.981113127223
CS.015	55.59772	709.317073171	312	5.93450621484	0.95455779694
CS.238	66.18718	604	310	6.78334257858	0.982936990699
CS.356	35.34788	606.034482759	251	5.96774327889	0.970047136071
CS.085	80.66386	677.960784314	376	7.1406687311	0.98487277703
CS.082	89.14972	719	410	7.08168303188	0.980971155042
CS.242	73.69293	1106.54237288	435	6.62854487692	0.96826377386
L.024.M1	56.79889	802.368421053	372	6.56552259482	0.975507403566
CS.087	50.38845	781.75	295	5.78199966618	0.947000173546
CS.246	72.58829	1082.61111111	425	6.81818603639	0.977180149415
CS.006	60.00565	727.487179487	319	6.23407554922	0.959827752034
CS.325	33.53254	593.5625	249	5.50557691382	0.947953477545
CS.151	74.079	878.75	407	7.08866678888	0.983349842317
CS.347.0	43.29714	470.034482759	232	6.06462280369	0.969047669337
CS.304	50.77043	666.95	295	6.06768128883	0.9621907614
CS.164	34.23974	265.1875	127	4.474847785	0.918791259304
CS.345.0	37.63155	386.217391304	171	4.81918383044	0.923613087483
CS.188	59.07432	1038.67164179	464	6.99794933946	0.97794009253
CS.274	52.58266	803.725806452	390	6.69418497968	0.973216686783
CS.191	74.677	1144.9	440	7.05419639048	0.979959494379
CS.233	64.39509	465.069767442	264	6.00055573421	0.962936333098
CS.364	43.52221	580.181818182	319	6.22348126099	0.969224481317
CS.212	51.51703	783.568965517	372	6.52368319866	0.972152330924
CS.187	60.15305	960.222222222	375	6.40752613733	0.965895974022
CS.346	39.3207	472.666666667	209	5.35391085463	0.943672537245
CS.044	53.45441	782.576923077	281	6.27449230745	0.972251624351
CS.152	87.54165	1207.08196721	501	7.57518731551	0.989029600546
CS.227	37.19008	544.565217391	213	5.53732353545	0.953009167875
CS.080	46.68489	562.387096774	253	6.1549317024	0.971206865879
CS.320	58.78536	1218.48648649	384	6.76643098394	0.981705839303
CS.202	50.96405	914.645833333	366	6.07334563574	0.954360952076
CS.318	51.06444	945.837209302	365	6.64404594304	0.975062760632
CS.321	59.33279	1066.12244898	400	6.50523760779	0.971733817839
CS.331	69.81227	900.166666667	402	6.84844477802	0.980614047102
CS.223	61.99983	848	386	6.74119286332	0.98001654455
CS.319	53.9492	753.385964912	361	6.3871986511	0.967597462705
CS.158	52.29032	487.75	237	6.1880105362	0.974004937235
CS.112	52.42753	423.823529412	241	5.87623492148	0.956752704276
CS.361	48.34804	846.65	329	6.0839114268	0.959404448476
CS.285	38.21263	564.869565217	217	5.70768438952	0.966143772092
CS.163	48.48348	482.724137931	224	5.61125977418	0.957438177321
CS.393	55.79994	678.096774194	278	6.02509040176	0.963987188535
CS.253	35.3477	452	193	5.19197465655	0.944494756501
CS.326	56.58978	797.32	350	6.40306491496	0.973306834763
CS.255	63.33195	817.3	386	6.79222140496	0.980752535303
CS.370	66.09111	965	421	6.862358157	0.978998786922
CS.145	76.54653	1125.64179104	474	7.01539840853	0.978578531847
CS.270	55.99204	780.738095238	335	6.42339109332	0.97373710628
CS.262	54.74726	845.833333333	404	6.64796585148	0.975349753476
CS.390	56.30072	733.5	376	6.48283351825	0.970498311467
T.CS.066	82.80711	1037.33333333	448	7.01610680501	0.979691227927
T.CS.043	62.43045	1125.4	417	6.89697890561	0.97904407866
TFS.020	74.43619	920	430	7.13757444011	0.984555299362
T.CS.026	47.56452	644.87755102	327	6.29978642405	0.972353966261
T.CS.055	68.59212	1196.28571429	433	6.76564831284	0.975867559988
TFS.021	74.06193	1249.06521739	589	7.7528956303	0.9875297472
TFS.022	85.35109	923.585365854	484	7.53049887882	0.988977776345
TFS.025	55.15351	777.637931034	381	6.71581603945	0.976676278822
T.CS.031	69.59732	1055.25	450	7.10036882505	0.982170950619
T.CS.045	65.05925	893.169491525	403	6.35761728919	0.947492721204
T.CS.061	64.21836	1020.47169811	419	6.95588355221	0.982369101976
T.CS.008	57.31252	887.5	436	6.58064120084	0.956473114889
T.CS.049	50.15581	862.62	372	6.56196279248	0.974686055305
T.CS.064	78.30626	1207.17808219	508	7.17147354262	0.977475852209
T.CS.036	73.66872	728.75	384	6.98749520503	0.980229067323
T.CS.151	68.85297	1059.6557377	451	6.86014303146	0.976006919184
T.CS.141	57.93121	978.701754386	415	6.85157191148	0.979743487625
T.CS.157	60.1959	897.659574468	371	6.57682651712	0.974680829335
T.CS.095	81.92477	1068.01408451	494	7.4123257758	0.984782193553
T.CS.152	71.33776	1121.63793103	453	6.84242072759	0.972753317457
T.CS.142	61.04052	1043.50847458	428	6.72773244955	0.977238506078
T.CS.109	84.20443	1256.125	487	7.446466494	0.9877030752
T.CS.158	79.81069	1075.36842105	497	7.07137945874	0.977147922601
T.CS.166	78.041	1034.08333333	472	7.11500391965	0.980617531082
