PD_whole_tree	chao1	observed_otus	shannon	simpson
CS.022	45.82996	489.444444444	225	5.91088745483	0.967185482082
CS.101	74.43904	775	340	6.82961558164	0.979415993515
CS.036	63.08862	541.03125	279	6.55065721303	0.978710923083
L.022.M1	93.75942	990	476	7.53865164893	0.988110700848
L.004.M1	81.8203	1116.825	522	7.54829133652	0.987306336989
CS.143	67.21222	576.972972973	314	6.6797843935	0.974841527908
CS.260	59.33226	720.333333333	338	6.4665581437	0.972846078421
CS.264	50.00241	428.5	240	5.26145135452	0.934977829912
CS.265	97.47906	820.391891892	452	7.12389616961	0.974288446099
L.036.M1	71.89136	945.529411765	411	6.99718833886	0.97921914865
CS.003	73.62033	813.384615385	353	6.6694939346	0.975165538039
CS.002	67.60068	474	288	6.56685328249	0.977021192832
CS.296	75.7059	1219.23809524	493	7.25488836903	0.983416473433
CS.099	67.16284	808.386363636	347	6.18040036375	0.9539755368
CS.354	60.82721	1116.7755102	419	6.82118206902	0.974552793074
CS.064	69.91233	564.756756757	298	6.60108838627	0.979089805897
CS.230	42.67571	561.027027027	271	5.86024907839	0.947471381827
CS.287	59.87732	796.4	338	6.69591888841	0.980349700127
CS.360	60.72465	880.1	414	7.09051462288	0.984522201553
CS.122	66.96008	592.7	302	6.40043786684	0.97152390805
CS.076	51.772	521.181818182	243	5.83708274666	0.964640434766
CS.137	62.84043	551.246153846	338	6.61935329435	0.9750335823
CS.365	65.80775	968.358490566	409	6.77474477719	0.973772817074
CS.058	66.93286	614.772727273	311	6.53618051833	0.977769377515
CS.040	61.12304	719	304	6.11328587049	0.962114984837
CS.186	84.44578	925.430769231	435	7.02103401701	0.98178422885
CS.248	72.61941	781.153846154	340	6.86956514619	0.98420907886
CS.050	42.19777	394.058823529	189	5.91222707649	0.968157076976
CS.161	48.61543	484.303030303	238	5.83257989884	0.963981962565
CS.056	56.12641	668.625	269	6.37092230781	0.974595907325
CS.378	47.24715	569.085714286	279	6.46954394962	0.979322797052
CS.213	43.6912	709.818181818	323	6.32848837632	0.970762222945
CS.292	64.59762	598.068181818	298	6.23962856774	0.966922441599
CS.282	51.91179	1016.15789474	353	6.38992314933	0.972062182944
CS.224	34.16981	560.84375	248	5.35862250666	0.923013407443
CS.232	87.36415	833.12244898	398	7.12496767232	0.984138528267
CS.374	55.49643	923.660377358	378	6.69097223461	0.980555254941
CS.128	70.82491	1293.68421053	475	7.10430674274	0.979665969072
CS.136	64.14091	552.825	299	6.56178134304	0.977852993033
CS.302	37.88055	655.59375	268	5.84781774126	0.959819042084
CS.236	46.20137	433.166666667	210	5.55428021609	0.95268254476
CS.041	50.89165	534.833333333	251	5.60514453667	0.932337408646
CS.380	73.08874	1110.59649123	464	7.29262079238	0.984911100809
CS.376	55.0281	929.346938776	373	6.415152378	0.968378309699
CS.375	53.81888	1000.02040816	380	6.38446698704	0.97116331613
CS.214	57.23535	744.666666667	346	6.29829327614	0.97100392405
CS.181	64.41238	881.038461538	379	6.60629832305	0.973310318743
CS.148	47.5661	486.766666667	303	6.14357379957	0.970204786161
CS.369	48.5155	451	271	5.76314234833	0.957610198829
CS.182	78.28983	838.180722892	448	7.10242456785	0.983314567021
CS.359	38.89341	629.75	313	6.1070300499	0.968807274724
CS.268	59.68666	596.083333333	298	6.55616118203	0.977718859807
CS.372	57.11989	722.566037736	362	6.75957425621	0.979794440831
CS.256	57.61418	716.631578947	364	6.57085381868	0.974419530843
CS.254	62.16516	754.75	389	6.85870674223	0.977434915445
CS.386	41.30146	534.125	279	5.56718084205	0.937366533629
CS.178	67.57516	702.666666667	358	6.77081022645	0.977249829013
CS.348	64.66566	918.294117647	333	6.50149004386	0.97650164433
CS.129	56.6716	935.459459459	348	6.71868482096	0.981093965333
CS.147	58.42932	847.230769231	406	6.74398006229	0.977459303304
T.CS.019	51.89856	844	329	6.03312979281	0.962033982304
T.CS.056	54.67527	866.294117647	327	6.30850200919	0.966642852212
T.CS.071	75.36113	1266.04761905	491	6.97095459806	0.97511153635
T.CS.085	67.32207	1189.93617021	423	6.75640819582	0.974365964652
T.CS.057	48.4391	795.558139535	342	6.58019024863	0.978455721555
T.CS.080	61.42408	798.571428571	395	6.7836253576	0.977380042761
T.CS.022	72.2385	969.081967213	434	7.12033643207	0.98170104883
T.CS.020	80.23638	974.651162791	399	7.21685119092	0.986980149371
T.CS.089	70.10242	889.05	419	6.78507802949	0.970583233477
T.CS.050	64.39068	879.222222222	383	6.47567975545	0.968356099327
T.CS.082	68.62443	973.185185185	406	6.64423600989	0.971670235206
T.CS.059	69.90013	526.411764706	316	6.58201432311	0.977206714762
T.CS.058	66.55328	897.37254902	381	6.65214767477	0.976433706722
T.CS.052	61.68187	710.631578947	358	6.74864951566	0.98111878869
T.CS.035	76.21983	1083.65454545	438	7.05710720871	0.981128805132
T.CS.139	82.92212	1050.20547945	488	7.27250025817	0.98383977699
T.CS.124	83.22163	896.25	408	7.08558195097	0.979719099766
T.CS.107	72.61591	1235.55223881	488	6.97809999867	0.978147824832
T.CS.132	96.12883	922.630136986	479	7.25809727519	0.976359236651
T.CS.122	76.49354	1227.68493151	502	6.96681409584	0.977097404892
T.CS.153	94.78263	798.096385542	464	7.22965710182	0.981313891564
T.CS.115	92.23456	870.467741935	427	7.149093667	0.984338421613
T.CS.100	87.11607	828.518518519	426	7.47301869175	0.988512665029
T.CS.180	72.78055	767.058823529	369	6.82958906007	0.981354828328
T.CS.147	89.123	1253.72727273	553	7.66722871465	0.988291432306
T.CS.167	67.45713	1092.47761194	454	6.64247245951	0.969674350221
T.CS.111	64.07223	1353.78181818	466	6.74258506348	0.974117731084
T.CS.105	90.85852	720.303571429	386	7.05814609918	0.983396876046
T.CS.091	85.16412	1180.25	494	7.30643276004	0.984324921191
T.CS.117	62.96756	1080.01886792	410	6.52233215633	0.971533053497
CS.110	51.46509	583.4	248	5.88367919275	0.961447802687
CS.082	89.14972	719	410	7.08168303188	0.980971155042
CS.088	40.29899	544.913043478	224	5.70294605883	0.957408127994
CS.015	55.59772	709.317073171	312	5.93450621484	0.95455779694
CS.006	60.00565	727.487179487	319	6.23407554922	0.959827752034
CS.356	35.34788	606.034482759	251	5.96774327889	0.970047136071
CS.085	80.66386	677.960784314	376	7.1406687311	0.98487277703
L.034.M1	70.75508	1058.01587302	460	7.21846032357	0.984031395885
CS.087	50.38845	781.75	295	5.78199966618	0.947000173546
CS.238	66.18718	604	310	6.78334257858	0.982936990699
CS.241	75.66734	726.2	368	6.85324627946	0.981113127223
CS.242	73.69293	1106.54237288	435	6.62854487692	0.96826377386
CS.103	70.81369	545.630434783	328	6.92782641686	0.982591205694
L.024.M1	56.79889	802.368421053	372	6.56552259482	0.975507403566
CS.246	72.58829	1082.61111111	425	6.81818603639	0.977180149415
CS.364	43.52221	580.181818182	319	6.22348126099	0.969224481317
CS.358	36.71331	589.146341463	275	5.4880058848	0.937236755378
CS.234	37.48329	452.083333333	258	5.59677968789	0.941445838593
CS.044	53.45441	782.576923077	281	6.27449230745	0.972251624351
CS.338	59.59067	761.9	341	6.63836859261	0.977309056671
CS.336	62.30037	949.9	364	6.8173638144	0.982815922398
CS.187	60.15305	960.222222222	375	6.40752613733	0.965895974022
CS.308.0	46.10123	522.451612903	235	5.26081522864	0.933720548666
CS.330	57.16872	860.245283019	389	6.71392196499	0.973972710421
CS.274	52.58266	803.725806452	390	6.69418497968	0.973216686783
CS.191	74.677	1144.9	440	7.05419639048	0.979959494379
CS.345.0	37.63155	386.217391304	171	4.81918383044	0.923613087483
CS.233	64.39509	465.069767442	264	6.00055573421	0.962936333098
CS.188	59.07432	1038.67164179	464	6.99794933946	0.97794009253
CS.228	56.21136	460.108108108	254	6.01750865849	0.96295157551
CS.319	53.9492	753.385964912	361	6.3871986511	0.967597462705
CS.322	49.82949	778.019230769	356	6.5752519076	0.977547273797
CS.163	48.48348	482.724137931	224	5.61125977418	0.957438177321
CS.152	87.54165	1207.08196721	501	7.57518731551	0.989029600546
CS.194	40.20467	712.2	330	6.10918845056	0.964248487027
CS.080	46.68489	562.387096774	253	6.1549317024	0.971206865879
CS.331	69.81227	900.166666667	402	6.84844477802	0.980614047102
CS.339	42.78467	1062.26086957	298	5.93989961751	0.955460147734
CS.227	37.19008	544.565217391	213	5.53732353545	0.953009167875
CS.158	52.29032	487.75	237	6.1880105362	0.974004937235
CS.320	58.78536	1218.48648649	384	6.76643098394	0.981705839303
CS.343	44.51465	705.75	342	6.32668288632	0.966822277177
CS.285	38.21263	564.869565217	217	5.70768438952	0.966143772092
CS.321	59.33279	1066.12244898	400	6.50523760779	0.971733817839
CS.361	48.34804	846.65	329	6.0839114268	0.959404448476
CS.393	55.79994	678.096774194	278	6.02509040176	0.963987188535
CS.145	76.54653	1125.64179104	474	7.01539840853	0.978578531847
CS.370	66.09111	965	421	6.862358157	0.978998786922
CS.255	63.33195	817.3	386	6.79222140496	0.980752535303
CS.253	35.3477	452	193	5.19197465655	0.944494756501
CS.262	54.74726	845.833333333	404	6.64796585148	0.975349753476
CS.270	55.99204	780.738095238	335	6.42339109332	0.97373710628
CS.326	56.58978	797.32	350	6.40306491496	0.973306834763
CS.390	56.30072	733.5	376	6.48283351825	0.970498311467
T.CS.008	57.31252	887.5	436	6.58064120084	0.956473114889
T.CS.043	62.43045	1125.4	417	6.89697890561	0.97904407866
TFS.021	74.06193	1249.06521739	589	7.7528956303	0.9875297472
T.CS.049	50.15581	862.62	372	6.56196279248	0.974686055305
T.CS.026	47.56452	644.87755102	327	6.29978642405	0.972353966261
TFS.025	55.15351	777.637931034	381	6.71581603945	0.976676278822
TFS.027	63.11404	821.0625	432	6.63983654244	0.971030053899
T.CS.061	64.21836	1020.47169811	419	6.95588355221	0.982369101976
T.CS.045	65.05925	893.169491525	403	6.35761728919	0.947492721204
T.CS.031	69.59732	1055.25	450	7.10036882505	0.982170950619
T.CS.064	78.30626	1207.17808219	508	7.17147354262	0.977475852209
TFS.022	85.35109	923.585365854	484	7.53049887882	0.988977776345
T.CS.055	68.59212	1196.28571429	433	6.76564831284	0.975867559988
T.CS.066	82.80711	1037.33333333	448	7.01610680501	0.979691227927
TFS.020	74.43619	920	430	7.13757444011	0.984555299362
T.CS.157	60.1959	897.659574468	371	6.57682651712	0.974680829335
T.CS.166	78.041	1034.08333333	472	7.11500391965	0.980617531082
T.CS.151	68.85297	1059.6557377	451	6.86014303146	0.976006919184
T.CS.152	71.33776	1121.63793103	453	6.84242072759	0.972753317457
T.CS.141	57.93121	978.701754386	415	6.85157191148	0.979743487625
T.CS.142	61.04052	1043.50847458	428	6.72773244955	0.977238506078
T.CS.095	81.92477	1068.01408451	494	7.4123257758	0.984782193553
T.CS.158	79.81069	1075.36842105	497	7.07137945874	0.977147922601
T.CS.109	84.20443	1256.125	487	7.446466494	0.9877030752
