PD_whole_tree	chao1	observed_otus	shannon	simpson
CS.259	67.26999	1096.18181818	431	6.84496970515	0.975942465556
CS.260	59.33226	720.333333333	338	6.4665581437	0.972846078421
CS.091	55.72078	684.24	255	6.066246071	0.972315642482
L.011.M1	57.58105	829.125	303	6.31546578459	0.973151797657
CS.043	64.34857	730	315	6.74331503581	0.979833635605
L.007.M1	69.41397	1120.59677419	477	7.16661419094	0.981992396649
CS.219	71.51617	504.9375	308	6.37588193349	0.967133222383
L.033.M1	62.57073	1082.625	468	6.966635126	0.980184211082
CS.357	64.97559	1038.96875	446	6.73440810114	0.973225396733
CS.002	67.60068	474	288	6.56685328249	0.977021192832
CS.313	79.00583	925.982142857	435	7.31479954166	0.986734528788
CS.017	60.60506	613.25	302	5.71078691957	0.929080322939
CS.019	60.53423	750.527777778	308	6.20863252641	0.963951477741
CS.106	71.28009	559.5	324	6.50326337233	0.973281575909
CS.354	60.82721	1116.7755102	419	6.82118206902	0.974552793074
CS.153	75.75788	749.317073171	352	6.86003894222	0.982335133172
CS.382	61.95589	1238	422	7.23800514428	0.987131702497
CS.367	35.51786	519.029411765	241	5.76612704329	0.963685824274
CS.065	60.62497	907.45	343	6.38383497062	0.971754286221
CS.050	42.19777	394.058823529	189	5.91222707649	0.968157076976
CS.371.1	54.09516	958.701754386	395	6.39048846079	0.967608350142
CS.058	66.93286	614.772727273	311	6.53618051833	0.977769377515
CS.154	30.01407	460	156	4.85330479262	0.935241741389
CS.301	68.72994	923.15625	429	7.04717846796	0.981761582981
CS.066	52.22094	475.090909091	244	6.01373183012	0.967176336634
CS.118	58.82064	683.090909091	283	5.9547534053	0.959999338044
CS.360	60.72465	880.1	414	7.09051462288	0.984522201553
CS.287	59.87732	796.4	338	6.69591888841	0.980349700127
CS.334	46.2462	583	303	6.41928034707	0.974082891285
CS.327	56.35991	1193.625	403	6.35263509688	0.967896213981
CS.282	51.91179	1016.15789474	353	6.38992314933	0.972062182944
CS.302	37.88055	655.59375	268	5.84781774126	0.959819042084
CS.041	50.89165	534.833333333	251	5.60514453667	0.932337408646
CS.213	43.6912	709.818181818	323	6.32848837632	0.970762222945
CS.203	59.31398	919.344262295	405	6.38679076113	0.962855330565
CS.128	70.82491	1293.68421053	475	7.10430674274	0.979665969072
CS.378	47.24715	569.085714286	279	6.46954394962	0.979322797052
CS.125	51.33107	765.220338983	368	6.42363013852	0.964026818806
CS.380	73.08874	1110.59649123	464	7.29262079238	0.984911100809
CS.292	64.59762	598.068181818	298	6.23962856774	0.966922441599
CS.205	50.88079	888	402	6.5871287965	0.971146767226
CS.136	64.14091	552.825	299	6.56178134304	0.977852993033
CS.232	87.36415	833.12244898	398	7.12496767232	0.984138528267
CS.376	55.0281	929.346938776	373	6.415152378	0.968378309699
CS.374	55.49643	923.660377358	378	6.69097223461	0.980555254941
CS.323	72.60433	997.172413793	430	7.1232104629	0.985316984467
CS.256	57.61418	716.631578947	364	6.57085381868	0.974419530843
CS.254	62.16516	754.75	389	6.85870674223	0.977434915445
CS.372	57.11989	722.566037736	362	6.75957425621	0.979794440831
CS.166	66.26063	928.5	376	6.78491363107	0.979089805897
CS.182	78.28983	838.180722892	448	7.10242456785	0.983314567021
CS.359	38.89341	629.75	313	6.1070300499	0.968807274724
CS.386	41.30146	534.125	279	5.56718084205	0.937366533629
CS.177	47.46495	668.033898305	354	6.15596419519	0.956793205542
CS.214	57.23535	744.666666667	346	6.29829327614	0.97100392405
CS.129	56.6716	935.459459459	348	6.71868482096	0.981093965333
CS.348	64.66566	918.294117647	333	6.50149004386	0.97650164433
CS.385	65.50113	890.038461538	388	6.87889430286	0.982373892448
CS.147	58.42932	847.230769231	406	6.74398006229	0.977459303304
CS.183	49.17559	583.914893617	303	5.98932294483	0.956720477462
T.CS.057	48.4391	795.558139535	342	6.58019024863	0.978455721555
T.CS.052	61.68187	710.631578947	358	6.74864951566	0.98111878869
T.CS.072	85.50214	843.153846154	438	7.24228384431	0.983714353714
T.CS.080	61.42408	798.571428571	395	6.7836253576	0.977380042761
T.CS.028	75.67955	1309.42857143	487	7.08161433161	0.977649180209
T.CS.014	67.02432	855.022222222	372	6.6680817653	0.97373536429
T.CS.025	66.86535	1078.41176471	408	6.7995361445	0.98035971657
T.CS.019	51.89856	844	329	6.03312979281	0.962033982304
T.CS.085	67.32207	1189.93617021	423	6.75640819582	0.974365964652
TFS.023	59.44978	914.118644068	395	6.78833076827	0.980861409675
T.CS.023	40.38898	499.666666667	268	6.13024106614	0.972092667768
T.CS.046	61.19318	896.6875	381	6.59680931078	0.973229751708
T.CS.056	54.67527	866.294117647	327	6.30850200919	0.966642852212
T.CS.076	76.56586	892.720588235	435	7.24970832703	0.987209656547
T.CS.089	70.10242	889.05	419	6.78507802949	0.970583233477
T.CS.147	89.123	1253.72727273	553	7.66722871465	0.988291432306
T.CS.178	86.36602	914.050847458	432	7.21062976028	0.984780451563
T.CS.126	79.04796	1036.37333333	466	6.9746163331	0.980267391102
T.CS.132	96.12883	922.630136986	479	7.25809727519	0.976359236651
T.CS.128	86.10473	1189.06976744	430	7.01123743532	0.977528982902
T.CS.107	72.61591	1235.55223881	488	6.97809999867	0.978147824832
T.CS.117	62.96756	1080.01886792	410	6.52233215633	0.971533053497
T.CS.119	93.59639	864.126760563	450	7.2913131846	0.985620961713
T.CS.110	84.52998	1048.01587302	450	7.00845971088	0.979095902861
T.CS.097	79.35565	1027.38356164	473	6.90584544245	0.973073843607
T.CS.100	87.11607	828.518518519	426	7.47301869175	0.988512665029
T.CS.091	85.16412	1180.25	494	7.30643276004	0.984324921191
T.CS.177	88.74864	894.338709677	424	6.955839021	0.977892187807
T.CS.167	67.45713	1092.47761194	454	6.64247245951	0.969674350221
T.CS.125	69.24193	1161.109375	465	6.79783827372	0.974414304873
CS.242	73.69293	1106.54237288	435	6.62854487692	0.96826377386
CS.088	40.29899	544.913043478	224	5.70294605883	0.957408127994
CS.103	70.81369	545.630434783	328	6.92782641686	0.982591205694
L.034.M1	70.75508	1058.01587302	460	7.21846032357	0.984031395885
CS.085	80.66386	677.960784314	376	7.1406687311	0.98487277703
CS.356	35.34788	606.034482759	251	5.96774327889	0.970047136071
CS.241	75.66734	726.2	368	6.85324627946	0.981113127223
CS.015	55.59772	709.317073171	312	5.93450621484	0.95455779694
CS.246	72.58829	1082.61111111	425	6.81818603639	0.977180149415
L.024.M1	56.79889	802.368421053	372	6.56552259482	0.975507403566
CS.082	89.14972	719	410	7.08168303188	0.980971155042
CS.237	57.98729	597.757575758	277	5.98425714399	0.957877158788
CS.006	60.00565	727.487179487	319	6.23407554922	0.959827752034
CS.238	66.18718	604	310	6.78334257858	0.982936990699
CS.110	51.46509	583.4	248	5.88367919275	0.961447802687
CS.150	66.94112	824.529411765	365	6.447622457	0.972313900492
CS.274	52.58266	803.725806452	390	6.69418497968	0.973216686783
CS.325	33.53254	593.5625	249	5.50557691382	0.947953477545
CS.387	64.93147	915.957746479	427	6.94966765719	0.982711838498
CS.187	60.15305	960.222222222	375	6.40752613733	0.965895974022
CS.189	53.15177	700.923076923	297	6.12030120477	0.967521686142
CS.233	64.39509	465.069767442	264	6.00055573421	0.962936333098
CS.207	46.48063	583.27027027	269	5.94464040511	0.962924139168
CS.164	34.23974	265.1875	127	4.474847785	0.918791259304
CS.330	57.16872	860.245283019	389	6.71392196499	0.973972710421
CS.113	52.11911	711.1	271	5.87817746828	0.959037759592
CS.078	56.3662	589.727272727	297	6.3682733954	0.975743443204
CS.228	56.21136	460.108108108	254	6.01750865849	0.96295157551
CS.363	57.88742	679.428571429	352	6.70540903014	0.978099920108
CS.311	57.14124	699.871794872	305	6.28005565622	0.971325756693
CS.343	44.51465	705.75	342	6.32668288632	0.966822277177
CS.163	48.48348	482.724137931	224	5.61125977418	0.957438177321
CS.223	61.99983	848	386	6.74119286332	0.98001654455
CS.080	46.68489	562.387096774	253	6.1549317024	0.971206865879
CS.202	50.96405	914.645833333	366	6.07334563574	0.954360952076
CS.322	49.82949	778.019230769	356	6.5752519076	0.977547273797
CS.285	38.21263	564.869565217	217	5.70768438952	0.966143772092
CS.112	52.42753	423.823529412	241	5.87623492148	0.956752704276
CS.158	52.29032	487.75	237	6.1880105362	0.974004937235
CS.331	69.81227	900.166666667	402	6.84844477802	0.980614047102
CS.319	53.9492	753.385964912	361	6.3871986511	0.967597462705
CS.339	42.78467	1062.26086957	298	5.93989961751	0.955460147734
CS.227	37.19008	544.565217391	213	5.53732353545	0.953009167875
CS.320	58.78536	1218.48648649	384	6.76643098394	0.981705839303
CS.361	48.34804	846.65	329	6.0839114268	0.959404448476
CS.253	35.3477	452	193	5.19197465655	0.944494756501
CS.262	54.74726	845.833333333	404	6.64796585148	0.975349753476
CS.390	56.30072	733.5	376	6.48283351825	0.970498311467
CS.393	55.79994	678.096774194	278	6.02509040176	0.963987188535
CS.370	66.09111	965	421	6.862358157	0.978998786922
CS.145	76.54653	1125.64179104	474	7.01539840853	0.978578531847
CS.326	56.58978	797.32	350	6.40306491496	0.973306834763
CS.255	63.33195	817.3	386	6.79222140496	0.980752535303
CS.270	55.99204	780.738095238	335	6.42339109332	0.97373710628
T.CS.064	78.30626	1207.17808219	508	7.17147354262	0.977475852209
T.CS.008	57.31252	887.5	436	6.58064120084	0.956473114889
TFS.025	55.15351	777.637931034	381	6.71581603945	0.976676278822
T.CS.055	68.59212	1196.28571429	433	6.76564831284	0.975867559988
T.CS.031	69.59732	1055.25	450	7.10036882505	0.982170950619
TFS.022	85.35109	923.585365854	484	7.53049887882	0.988977776345
TFS.020	74.43619	920	430	7.13757444011	0.984555299362
T.CS.036	73.66872	728.75	384	6.98749520503	0.980229067323
T.CS.026	47.56452	644.87755102	327	6.29978642405	0.972353966261
T.CS.049	50.15581	862.62	372	6.56196279248	0.974686055305
TFS.027	63.11404	821.0625	432	6.63983654244	0.971030053899
TFS.021	74.06193	1249.06521739	589	7.7528956303	0.9875297472
T.CS.061	64.21836	1020.47169811	419	6.95588355221	0.982369101976
T.CS.066	82.80711	1037.33333333	448	7.01610680501	0.979691227927
T.CS.043	62.43045	1125.4	417	6.89697890561	0.97904407866
T.CS.095	81.92477	1068.01408451	494	7.4123257758	0.984782193553
T.CS.157	60.1959	897.659574468	371	6.57682651712	0.974680829335
T.CS.158	79.81069	1075.36842105	497	7.07137945874	0.977147922601
T.CS.166	78.041	1034.08333333	472	7.11500391965	0.980617531082
T.CS.151	68.85297	1059.6557377	451	6.86014303146	0.976006919184
T.CS.142	61.04052	1043.50847458	428	6.72773244955	0.977238506078
T.CS.141	57.93121	978.701754386	415	6.85157191148	0.979743487625
T.CS.109	84.20443	1256.125	487	7.446466494	0.9877030752
T.CS.152	71.33776	1121.63793103	453	6.84242072759	0.972753317457
