PD_whole_tree	chao1	observed_otus	shannon	simpson
CS.094	49.85586	923.689655172	298	5.56849439107	0.931827876586
CS.092	84.14307	598.659574468	348	6.99543580558	0.983021041714
CS.264	50.00241	428.5	240	5.26145135452	0.934977829912
CS.313	79.00583	925.982142857	435	7.31479954166	0.986734528788
L.025.M1	53.42792	817.042553191	359	6.66584254524	0.979004012892
CS.261	84.7791	1096.51923077	454	7.38640745197	0.987430453773
CS.243	59.8319	635.375	338	6.42809629799	0.96690327971
CS.017	60.60506	613.25	302	5.71078691957	0.929080322939
L.022.M1	93.75942	990	476	7.53865164893	0.988110700848
CS.099	67.16284	808.386363636	347	6.18040036375	0.9539755368
CS.003	73.62033	813.384615385	353	6.6694939346	0.975165538039
CS.172	57.76873	817.214285714	292	6.16415533253	0.967703288594
CS.037	47.27508	483	241	5.91222752467	0.964095191912
CS.091	55.72078	684.24	255	6.066246071	0.972315642482
CS.296	75.7059	1219.23809524	493	7.25488836903	0.983416473433
CS.066	52.22094	475.090909091	244	6.01373183012	0.967176336634
CS.076	51.772	521.181818182	243	5.83708274666	0.964640434766
CS.115	44.6346	385.681818182	187	5.64237523597	0.963870910706
CS.366	41.97411	784.2	321	6.0310979711	0.957813140658
CS.377	58.07419	711.72	345	6.72719928304	0.981058690037
CS.127	62.95792	1080.48214286	432	6.97132601311	0.982353424066
CS.229	58.99669	688.53125	296	6.37016343859	0.972945371848
CS.065	60.62497	907.45	343	6.38383497062	0.971754286221
CS.381	75.59578	1054.17021277	413	7.21553544724	0.987855499321
CS.305	77.52314	1076.62295082	459	7.06400878246	0.977686197495
CS.334	46.2462	583	303	6.41928034707	0.974082891285
CS.186	84.44578	925.430769231	435	7.02103401701	0.98178422885
CS.040	61.12304	719	304	6.11328587049	0.962114984837
CS.382	61.95589	1238	422	7.23800514428	0.987131702497
CS.367	35.51786	519.029411765	241	5.76612704329	0.963685824274
CS.224	34.16981	560.84375	248	5.35862250666	0.923013407443
CS.136	64.14091	552.825	299	6.56178134304	0.977852993033
CS.232	87.36415	833.12244898	398	7.12496767232	0.984138528267
CS.378	47.24715	569.085714286	279	6.46954394962	0.979322797052
CS.282	51.91179	1016.15789474	353	6.38992314933	0.972062182944
CS.126	72.30157	1211.87301587	476	7.0231210093	0.978482286902
CS.236	46.20137	433.166666667	210	5.55428021609	0.95268254476
CS.041	50.89165	534.833333333	251	5.60514453667	0.932337408646
CS.375	53.81888	1000.02040816	380	6.38446698704	0.97116331613
CS.125	51.33107	765.220338983	368	6.42363013852	0.964026818806
CS.380	73.08874	1110.59649123	464	7.29262079238	0.984911100809
CS.292	64.59762	598.068181818	298	6.23962856774	0.966922441599
CS.376	55.0281	929.346938776	373	6.415152378	0.968378309699
CS.205	50.88079	888	402	6.5871287965	0.971146767226
CS.213	43.6912	709.818181818	323	6.32848837632	0.970762222945
CS.182	78.28983	838.180722892	448	7.10242456785	0.983314567021
CS.359	38.89341	629.75	313	6.1070300499	0.968807274724
CS.148	47.5661	486.766666667	303	6.14357379957	0.970204786161
CS.129	56.6716	935.459459459	348	6.71868482096	0.981093965333
CS.181	64.41238	881.038461538	379	6.60629832305	0.973310318743
CS.385	65.50113	890.038461538	388	6.87889430286	0.982373892448
CS.386	41.30146	534.125	279	5.56718084205	0.937366533629
CS.214	57.23535	744.666666667	346	6.29829327614	0.97100392405
CS.183	49.17559	583.914893617	303	5.98932294483	0.956720477462
CS.323	72.60433	997.172413793	430	7.1232104629	0.985316984467
CS.177	47.46495	668.033898305	354	6.15596419519	0.956793205542
CS.395	68.90364	852.01754386	402	7.00537435368	0.984435537553
CS.349	74.49299	795.6	429	7.02620693026	0.980594885213
CS.178	67.57516	702.666666667	358	6.77081022645	0.977249829013
CS.348	64.66566	918.294117647	333	6.50149004386	0.97650164433
T.CS.025	66.86535	1078.41176471	408	6.7995361445	0.98035971657
T.CS.062	71.71145	1043.19565217	404	6.73537592434	0.969595525176
T.CS.040	82.47706	1217.30434783	496	7.10084344328	0.98060577265
T.CS.020	80.23638	974.651162791	399	7.21685119092	0.986980149371
T.CS.082	68.62443	973.185185185	406	6.64423600989	0.971670235206
T.CS.019	51.89856	844	329	6.03312979281	0.962033982304
T.CS.046	61.19318	896.6875	381	6.59680931078	0.973229751708
T.CS.024	65.71117	1028.5	406	6.75847969423	0.976613567184
T.CS.080	61.42408	798.571428571	395	6.7836253576	0.977380042761
T.CS.067	58.81348	1082.875	415	6.37526497002	0.963068724334
T.CS.038	89.12644	689.542372881	382	7.04704559662	0.983397311543
T.CS.050	64.39068	879.222222222	383	6.47567975545	0.968356099327
T.CS.042	85.55983	1109.50704225	507	7.39830215795	0.983956490317
T.CS.014	67.02432	855.022222222	372	6.6680817653	0.97373536429
T.CS.058	66.55328	897.37254902	381	6.65214767477	0.976433706722
T.CS.117	62.96756	1080.01886792	410	6.52233215633	0.971533053497
T.CS.112	63.0913	1166.23404255	405	6.46998238807	0.970981713678
T.CS.091	85.16412	1180.25	494	7.30643276004	0.984324921191
T.CS.114	84.63574	712.080645161	407	6.91773303372	0.968194965257
T.CS.111	64.07223	1353.78181818	466	6.74258506348	0.974117731084
T.CS.097	79.35565	1027.38356164	473	6.90584544245	0.973073843607
T.CS.156	69.50112	1160	445	6.79265970547	0.973552455346
T.CS.147	89.123	1253.72727273	553	7.66722871465	0.988291432306
T.CS.123	67.52862	1208.12244898	428	6.78750719617	0.977747602641
T.CS.102	79.21437	1029.43589744	481	6.92900697563	0.975910674239
T.CS.167	67.45713	1092.47761194	454	6.64247245951	0.969674350221
T.CS.178	86.36602	914.050847458	432	7.21062976028	0.984780451563
T.CS.177	88.74864	894.338709677	424	6.955839021	0.977892187807
T.CS.180	72.78055	767.058823529	369	6.82958906007	0.981354828328
T.CS.160	103.14494	1108.52173913	497	7.50177328134	0.988042327743
CS.088	40.29899	544.913043478	224	5.70294605883	0.957408127994
CS.237	57.98729	597.757575758	277	5.98425714399	0.957877158788
CS.015	55.59772	709.317073171	312	5.93450621484	0.95455779694
CS.246	72.58829	1082.61111111	425	6.81818603639	0.977180149415
L.024.M1	56.79889	802.368421053	372	6.56552259482	0.975507403566
CS.006	60.00565	727.487179487	319	6.23407554922	0.959827752034
CS.356	35.34788	606.034482759	251	5.96774327889	0.970047136071
CS.087	50.38845	781.75	295	5.78199966618	0.947000173546
CS.085	80.66386	677.960784314	376	7.1406687311	0.98487277703
CS.082	89.14972	719	410	7.08168303188	0.980971155042
CS.241	75.66734	726.2	368	6.85324627946	0.981113127223
CS.242	73.69293	1106.54237288	435	6.62854487692	0.96826377386
CS.103	70.81369	545.630434783	328	6.92782641686	0.982591205694
L.034.M1	70.75508	1058.01587302	460	7.21846032357	0.984031395885
CS.110	51.46509	583.4	248	5.88367919275	0.961447802687
CS.345.0	37.63155	386.217391304	171	4.81918383044	0.923613087483
CS.151	74.079	878.75	407	7.08866678888	0.983349842317
CS.346	39.3207	472.666666667	209	5.35391085463	0.943672537245
CS.364	43.52221	580.181818182	319	6.22348126099	0.969224481317
CS.113	52.11911	711.1	271	5.87817746828	0.959037759592
CS.188	59.07432	1038.67164179	464	6.99794933946	0.97794009253
CS.164	34.23974	265.1875	127	4.474847785	0.918791259304
CS.044	53.45441	782.576923077	281	6.27449230745	0.972251624351
CS.347.0	43.29714	470.034482759	232	6.06462280369	0.969047669337
CS.336	62.30037	949.9	364	6.8173638144	0.982815922398
CS.358	36.71331	589.146341463	275	5.4880058848	0.937236755378
CS.338	59.59067	761.9	341	6.63836859261	0.977309056671
CS.189	53.15177	700.923076923	297	6.12030120477	0.967521686142
CS.363	57.88742	679.428571429	352	6.70540903014	0.978099920108
CS.233	64.39509	465.069767442	264	6.00055573421	0.962936333098
CS.318	51.06444	945.837209302	365	6.64404594304	0.975062760632
CS.202	50.96405	914.645833333	366	6.07334563574	0.954360952076
CS.227	37.19008	544.565217391	213	5.53732353545	0.953009167875
CS.361	48.34804	846.65	329	6.0839114268	0.959404448476
CS.320	58.78536	1218.48648649	384	6.76643098394	0.981705839303
CS.158	52.29032	487.75	237	6.1880105362	0.974004937235
CS.163	48.48348	482.724137931	224	5.61125977418	0.957438177321
CS.321	59.33279	1066.12244898	400	6.50523760779	0.971733817839
CS.080	46.68489	562.387096774	253	6.1549317024	0.971206865879
CS.331	69.81227	900.166666667	402	6.84844477802	0.980614047102
CS.223	61.99983	848	386	6.74119286332	0.98001654455
CS.112	52.42753	423.823529412	241	5.87623492148	0.956752704276
CS.322	49.82949	778.019230769	356	6.5752519076	0.977547273797
CS.285	38.21263	564.869565217	217	5.70768438952	0.966143772092
CS.343	44.51465	705.75	342	6.32668288632	0.966822277177
CS.253	35.3477	452	193	5.19197465655	0.944494756501
CS.393	55.79994	678.096774194	278	6.02509040176	0.963987188535
CS.390	56.30072	733.5	376	6.48283351825	0.970498311467
CS.270	55.99204	780.738095238	335	6.42339109332	0.97373710628
CS.262	54.74726	845.833333333	404	6.64796585148	0.975349753476
CS.370	66.09111	965	421	6.862358157	0.978998786922
CS.326	56.58978	797.32	350	6.40306491496	0.973306834763
CS.145	76.54653	1125.64179104	474	7.01539840853	0.978578531847
CS.255	63.33195	817.3	386	6.79222140496	0.980752535303
T.CS.045	65.05925	893.169491525	403	6.35761728919	0.947492721204
TFS.022	85.35109	923.585365854	484	7.53049887882	0.988977776345
TFS.027	63.11404	821.0625	432	6.63983654244	0.971030053899
TFS.021	74.06193	1249.06521739	589	7.7528956303	0.9875297472
T.CS.049	50.15581	862.62	372	6.56196279248	0.974686055305
T.CS.066	82.80711	1037.33333333	448	7.01610680501	0.979691227927
TFS.020	74.43619	920	430	7.13757444011	0.984555299362
T.CS.031	69.59732	1055.25	450	7.10036882505	0.982170950619
T.CS.061	64.21836	1020.47169811	419	6.95588355221	0.982369101976
T.CS.064	78.30626	1207.17808219	508	7.17147354262	0.977475852209
T.CS.008	57.31252	887.5	436	6.58064120084	0.956473114889
T.CS.043	62.43045	1125.4	417	6.89697890561	0.97904407866
T.CS.036	73.66872	728.75	384	6.98749520503	0.980229067323
T.CS.055	68.59212	1196.28571429	433	6.76564831284	0.975867559988
TFS.025	55.15351	777.637931034	381	6.71581603945	0.976676278822
T.CS.142	61.04052	1043.50847458	428	6.72773244955	0.977238506078
T.CS.151	68.85297	1059.6557377	451	6.86014303146	0.976006919184
T.CS.095	81.92477	1068.01408451	494	7.4123257758	0.984782193553
T.CS.109	84.20443	1256.125	487	7.446466494	0.9877030752
T.CS.141	57.93121	978.701754386	415	6.85157191148	0.979743487625
T.CS.166	78.041	1034.08333333	472	7.11500391965	0.980617531082
T.CS.157	60.1959	897.659574468	371	6.57682651712	0.974680829335
T.CS.152	71.33776	1121.63793103	453	6.84242072759	0.972753317457
T.CS.158	79.81069	1075.36842105	497	7.07137945874	0.977147922601
