PD_whole_tree	chao1	observed_otus	shannon	simpson
L.035.M1	55.71396	1107.38636364	400	6.85722159346	0.981181500328
L.008.M1	48.26063	775.4	342	6.22021006954	0.960181811491
CS.098	78.16861	582.767857143	347	6.95380003971	0.984374132407
CS.059	74.0919	587	347	6.95487231785	0.983263613815
CS.016	51.76786	496.214285714	258	6.21159425564	0.964744954163
CS.091	55.72078	684.24	255	6.066246071	0.972315642482
CS.108	59.3289	433.8	256	5.54618793642	0.925806688327
L.031.M1	85.97143	843.337837838	446	7.18369394995	0.982809389936
CS.028	77.99057	596.826086957	334	6.79842140871	0.980433315645
CS.105	69.69049	700.127659574	338	6.35411311319	0.961236586405
CS.244	63.61954	489.161290323	274	6.76268413751	0.983052833031
CS.217	73.89318	626.8	337	6.76226083092	0.975092809958
CS.104	66.29261	659.7	309	6.42033473396	0.970498311467
L.011.M1	57.58105	829.125	303	6.31546578459	0.973151797657
CS.017	60.60506	613.25	302	5.71078691957	0.929080322939
CS.171	62.12473	644.375	302	6.02866622131	0.944641083657
CS.064	69.91233	564.756756757	298	6.60108838627	0.979089805897
CS.290	49.11392	675	334	6.25015827634	0.95688030504
CS.373	63.72245	956.784313725	385	6.37312539508	0.958786477542
CS.366	41.97411	784.2	321	6.0310979711	0.957813140658
CS.360	60.72465	880.1	414	7.09051462288	0.984522201553
CS.058	66.93286	614.772727273	311	6.53618051833	0.977769377515
CS.153	75.75788	749.317073171	352	6.86003894222	0.982335133172
CS.076	51.772	521.181818182	243	5.83708274666	0.964640434766
CS.229	58.99669	688.53125	296	6.37016343859	0.972945371848
CS.154	30.01407	460	156	4.85330479262	0.935241741389
CS.327	56.35991	1193.625	403	6.35263509688	0.967896213981
CS.137	62.84043	551.246153846	338	6.61935329435	0.9750335823
CS.117	61.416	617.6	281	6.28119277593	0.974535373175
CS.155	67.7537	843.1	408	7.22611250408	0.987524956728
CS.292	64.59762	598.068181818	298	6.23962856774	0.966922441599
CS.205	50.88079	888	402	6.5871287965	0.971146767226
CS.041	50.89165	534.833333333	251	5.60514453667	0.932337408646
CS.136	64.14091	552.825	299	6.56178134304	0.977852993033
CS.128	70.82491	1293.68421053	475	7.10430674274	0.979665969072
CS.282	51.91179	1016.15789474	353	6.38992314933	0.972062182944
CS.374	55.49643	923.660377358	378	6.69097223461	0.980555254941
CS.126	72.30157	1211.87301587	476	7.0231210093	0.978482286902
CS.224	34.16981	560.84375	248	5.35862250666	0.923013407443
CS.375	53.81888	1000.02040816	380	6.38446698704	0.97116331613
CS.302	37.88055	655.59375	268	5.84781774126	0.959819042084
CS.376	55.0281	929.346938776	373	6.415152378	0.968378309699
CS.236	46.20137	433.166666667	210	5.55428021609	0.95268254476
CS.380	73.08874	1110.59649123	464	7.29262079238	0.984911100809
CS.203	59.31398	919.344262295	405	6.38679076113	0.962855330565
CS.389	53.36524	717.781818182	345	6.38418449585	0.97160360409
CS.178	67.57516	702.666666667	358	6.77081022645	0.977249829013
CS.182	78.28983	838.180722892	448	7.10242456785	0.983314567021
CS.359	38.89341	629.75	313	6.1070300499	0.968807274724
CS.323	72.60433	997.172413793	430	7.1232104629	0.985316984467
CS.254	62.16516	754.75	389	6.85870674223	0.977434915445
CS.147	58.42932	847.230769231	406	6.74398006229	0.977459303304
CS.386	41.30146	534.125	279	5.56718084205	0.937366533629
CS.369	48.5155	451	271	5.76314234833	0.957610198829
CS.166	66.26063	928.5	376	6.78491363107	0.979089805897
CS.385	65.50113	890.038461538	388	6.87889430286	0.982373892448
CS.372	57.11989	722.566037736	362	6.75957425621	0.979794440831
CS.177	47.46495	668.033898305	354	6.15596419519	0.956793205542
CS.214	57.23535	744.666666667	346	6.29829327614	0.97100392405
CS.129	56.6716	935.459459459	348	6.71868482096	0.981093965333
T.CS.050	64.39068	879.222222222	383	6.47567975545	0.968356099327
T.CS.085	67.32207	1189.93617021	423	6.75640819582	0.974365964652
T.CS.052	61.68187	710.631578947	358	6.74864951566	0.98111878869
T.CS.014	67.02432	855.022222222	372	6.6680817653	0.97373536429
T.CS.056	54.67527	866.294117647	327	6.30850200919	0.966642852212
T.CS.034	72.15467	902.789473684	446	6.75874115741	0.972982824632
T.CS.076	76.56586	892.720588235	435	7.24970832703	0.987209656547
T.CS.020	80.23638	974.651162791	399	7.21685119092	0.986980149371
T.CS.072	85.50214	843.153846154	438	7.24228384431	0.983714353714
T.CS.082	68.62443	973.185185185	406	6.64423600989	0.971670235206
T.CS.038	89.12644	689.542372881	382	7.04704559662	0.983397311543
T.CS.069	75.43499	1044	482	7.25459416347	0.982750597775
T.CS.004	69.63832	1299.5	497	7.23067328989	0.984696836045
T.CS.019	51.89856	844	329	6.03312979281	0.962033982304
TFS.024	57.08813	893.622222222	368	6.64555195495	0.97649990234
T.CS.122	76.49354	1227.68493151	502	6.96681409584	0.977097404892
T.CS.128	86.10473	1189.06976744	430	7.01123743532	0.977528982902
T.CS.129	84.34811	848	410	6.95106771073	0.977169261978
T.CS.134	69.54457	928.512820513	456	6.67915939831	0.969938697196
T.CS.107	72.61591	1235.55223881	488	6.97809999867	0.978147824832
T.CS.132	96.12883	922.630136986	479	7.25809727519	0.976359236651
T.CS.120	73.60569	1351.02040816	460	7.04286832258	0.981471106157
T.CS.097	79.35565	1027.38356164	473	6.90584544245	0.973073843607
T.CS.180	72.78055	767.058823529	369	6.82958906007	0.981354828328
T.CS.177	88.74864	894.338709677	424	6.955839021	0.977892187807
T.CS.124	83.22163	896.25	408	7.08558195097	0.979719099766
T.CS.130	78.76038	1044.78846154	422	7.04628516855	0.983254903865
T.CS.116	65.95387	635.9375	296	6.41060627964	0.969754917257
T.CS.161	92.08494	1140.5	466	7.32759871853	0.986926147683
T.CS.092	87.55825	790.051724138	426	7.29315841023	0.976431529234
CS.110	51.46509	583.4	248	5.88367919275	0.961447802687
CS.006	60.00565	727.487179487	319	6.23407554922	0.959827752034
CS.087	50.38845	781.75	295	5.78199966618	0.947000173546
CS.242	73.69293	1106.54237288	435	6.62854487692	0.96826377386
CS.082	89.14972	719	410	7.08168303188	0.980971155042
L.034.M1	70.75508	1058.01587302	460	7.21846032357	0.984031395885
CS.246	72.58829	1082.61111111	425	6.81818603639	0.977180149415
CS.085	80.66386	677.960784314	376	7.1406687311	0.98487277703
CS.015	55.59772	709.317073171	312	5.93450621484	0.95455779694
CS.238	66.18718	604	310	6.78334257858	0.982936990699
CS.241	75.66734	726.2	368	6.85324627946	0.981113127223
CS.237	57.98729	597.757575758	277	5.98425714399	0.957877158788
CS.088	40.29899	544.913043478	224	5.70294605883	0.957408127994
CS.356	35.34788	606.034482759	251	5.96774327889	0.970047136071
CS.103	70.81369	545.630434783	328	6.92782641686	0.982591205694
CS.346	39.3207	472.666666667	209	5.35391085463	0.943672537245
CS.345.0	37.63155	386.217391304	171	4.81918383044	0.923613087483
CS.358	36.71331	589.146341463	275	5.4880058848	0.937236755378
CS.387	64.93147	915.957746479	427	6.94966765719	0.982711838498
CS.347.0	43.29714	470.034482759	232	6.06462280369	0.969047669337
CS.325	33.53254	593.5625	249	5.50557691382	0.947953477545
CS.150	66.94112	824.529411765	365	6.447622457	0.972313900492
CS.234	37.48329	452.083333333	258	5.59677968789	0.941445838593
CS.191	74.677	1144.9	440	7.05419639048	0.979959494379
CS.207	46.48063	583.27027027	269	5.94464040511	0.962924139168
CS.308.0	46.10123	522.451612903	235	5.26081522864	0.933720548666
CS.304	50.77043	666.95	295	6.06768128883	0.9621907614
CS.330	57.16872	860.245283019	389	6.71392196499	0.973972710421
CS.336	62.30037	949.9	364	6.8173638144	0.982815922398
CS.274	52.58266	803.725806452	390	6.69418497968	0.973216686783
CS.320	58.78536	1218.48648649	384	6.76643098394	0.981705839303
CS.163	48.48348	482.724137931	224	5.61125977418	0.957438177321
CS.321	59.33279	1066.12244898	400	6.50523760779	0.971733817839
CS.339	42.78467	1062.26086957	298	5.93989961751	0.955460147734
CS.343	44.51465	705.75	342	6.32668288632	0.966822277177
CS.322	49.82949	778.019230769	356	6.5752519076	0.977547273797
CS.158	52.29032	487.75	237	6.1880105362	0.974004937235
CS.285	38.21263	564.869565217	217	5.70768438952	0.966143772092
CS.318	51.06444	945.837209302	365	6.64404594304	0.975062760632
CS.080	46.68489	562.387096774	253	6.1549317024	0.971206865879
CS.227	37.19008	544.565217391	213	5.53732353545	0.953009167875
CS.194	40.20467	712.2	330	6.10918845056	0.964248487027
CS.152	87.54165	1207.08196721	501	7.57518731551	0.989029600546
CS.319	53.9492	753.385964912	361	6.3871986511	0.967597462705
CS.331	69.81227	900.166666667	402	6.84844477802	0.980614047102
CS.255	63.33195	817.3	386	6.79222140496	0.980752535303
CS.262	54.74726	845.833333333	404	6.64796585148	0.975349753476
CS.270	55.99204	780.738095238	335	6.42339109332	0.97373710628
CS.393	55.79994	678.096774194	278	6.02509040176	0.963987188535
CS.390	56.30072	733.5	376	6.48283351825	0.970498311467
CS.326	56.58978	797.32	350	6.40306491496	0.973306834763
CS.370	66.09111	965	421	6.862358157	0.978998786922
CS.253	35.3477	452	193	5.19197465655	0.944494756501
CS.145	76.54653	1125.64179104	474	7.01539840853	0.978578531847
T.CS.064	78.30626	1207.17808219	508	7.17147354262	0.977475852209
TFS.020	74.43619	920	430	7.13757444011	0.984555299362
TFS.027	63.11404	821.0625	432	6.63983654244	0.971030053899
TFS.025	55.15351	777.637931034	381	6.71581603945	0.976676278822
T.CS.045	65.05925	893.169491525	403	6.35761728919	0.947492721204
T.CS.049	50.15581	862.62	372	6.56196279248	0.974686055305
T.CS.031	69.59732	1055.25	450	7.10036882505	0.982170950619
T.CS.061	64.21836	1020.47169811	419	6.95588355221	0.982369101976
T.CS.066	82.80711	1037.33333333	448	7.01610680501	0.979691227927
T.CS.043	62.43045	1125.4	417	6.89697890561	0.97904407866
T.CS.036	73.66872	728.75	384	6.98749520503	0.980229067323
TFS.021	74.06193	1249.06521739	589	7.7528956303	0.9875297472
T.CS.026	47.56452	644.87755102	327	6.29978642405	0.972353966261
TFS.022	85.35109	923.585365854	484	7.53049887882	0.988977776345
T.CS.008	57.31252	887.5	436	6.58064120084	0.956473114889
T.CS.109	84.20443	1256.125	487	7.446466494	0.9877030752
T.CS.095	81.92477	1068.01408451	494	7.4123257758	0.984782193553
T.CS.166	78.041	1034.08333333	472	7.11500391965	0.980617531082
T.CS.157	60.1959	897.659574468	371	6.57682651712	0.974680829335
T.CS.158	79.81069	1075.36842105	497	7.07137945874	0.977147922601
T.CS.141	57.93121	978.701754386	415	6.85157191148	0.979743487625
T.CS.151	68.85297	1059.6557377	451	6.86014303146	0.976006919184
T.CS.142	61.04052	1043.50847458	428	6.72773244955	0.977238506078
T.CS.152	71.33776	1121.63793103	453	6.84242072759	0.972753317457
