PD_whole_tree	chao1	observed_otus	shannon	simpson
L.022.M1	93.75942	990	476	7.53865164893	0.988110700848
CS.277	69.93513	1059.56	422	6.99826226099	0.981864795886
CS.106	71.28009	559.5	324	6.50326337233	0.973281575909
CS.263	67.48583	864.714285714	355	6.24074837262	0.965915571409
CS.001	87.25172	715.595744681	369	7.09209359199	0.985096187241
CS.108	59.3289	433.8	256	5.54618793642	0.925806688327
CS.086	76.85528	752.487179487	344	6.6584794928	0.974132537999
CS.260	59.33226	720.333333333	338	6.4665581437	0.972846078421
CS.035	65.71162	685.135135135	315	6.36193399321	0.965595480755
CS.243	59.8319	635.375	338	6.42809629799	0.96690327971
CS.084	84.86866	616.188679245	364	7.15972677409	0.985506861372
CS.007	65.82883	842.01754386	380	6.40182612807	0.962483415711
CS.245	54.19798	903.20754717	380	6.39147229151	0.969663898282
CS.099	67.16284	808.386363636	347	6.18040036375	0.9539755368
CS.314	66.81832	885	375	6.88235303534	0.979356330359
CS.065	60.62497	907.45	343	6.38383497062	0.971754286221
CS.335	33.76463	576.27027027	262	5.69736265406	0.956336804176
CS.127	62.95792	1080.48214286	432	6.97132601311	0.982353424066
CS.229	58.99669	688.53125	296	6.37016343859	0.972945371848
CS.365	65.80775	968.358490566	409	6.77474477719	0.973772817074
CS.067	35.34234	309.882352941	151	5.12352270866	0.944192956743
CS.062	63.05917	793.777777778	321	6.3955299512	0.970645074121
CS.171	62.12473	644.375	302	6.02866622131	0.944641083657
CS.287	59.87732	796.4	338	6.69591888841	0.980349700127
CS.290	49.11392	675	334	6.25015827634	0.95688030504
CS.230	42.67571	561.027027027	271	5.86024907839	0.947471381827
CS.377	58.07419	711.72	345	6.72719928304	0.981058690037
CS.042	50.70491	1049.64705882	273	6.18995964707	0.973014615949
CS.155	67.7537	843.1	408	7.22611250408	0.987524956728
CS.341	52.44954	789.288461538	351	6.25779382049	0.963905750505
CS.378	47.24715	569.085714286	279	6.46954394962	0.979322797052
CS.126	72.30157	1211.87301587	476	7.0231210093	0.978482286902
CS.128	70.82491	1293.68421053	475	7.10430674274	0.979665969072
CS.292	64.59762	598.068181818	298	6.23962856774	0.966922441599
CS.213	43.6912	709.818181818	323	6.32848837632	0.970762222945
CS.136	64.14091	552.825	299	6.56178134304	0.977852993033
CS.125	51.33107	765.220338983	368	6.42363013852	0.964026818806
CS.236	46.20137	433.166666667	210	5.55428021609	0.95268254476
CS.041	50.89165	534.833333333	251	5.60514453667	0.932337408646
CS.205	50.88079	888	402	6.5871287965	0.971146767226
CS.302	37.88055	655.59375	268	5.84781774126	0.959819042084
CS.374	55.49643	923.660377358	378	6.69097223461	0.980555254941
CS.203	59.31398	919.344262295	405	6.38679076113	0.962855330565
CS.380	73.08874	1110.59649123	464	7.29262079238	0.984911100809
CS.224	34.16981	560.84375	248	5.35862250666	0.923013407443
CS.359	38.89341	629.75	313	6.1070300499	0.968807274724
CS.214	57.23535	744.666666667	346	6.29829327614	0.97100392405
CS.148	47.5661	486.766666667	303	6.14357379957	0.970204786161
CS.147	58.42932	847.230769231	406	6.74398006229	0.977459303304
CS.395	68.90364	852.01754386	402	7.00537435368	0.984435537553
CS.166	66.26063	928.5	376	6.78491363107	0.979089805897
CS.177	47.46495	668.033898305	354	6.15596419519	0.956793205542
CS.254	62.16516	754.75	389	6.85870674223	0.977434915445
CS.369	48.5155	451	271	5.76314234833	0.957610198829
CS.389	53.36524	717.781818182	345	6.38418449585	0.97160360409
CS.385	65.50113	890.038461538	388	6.87889430286	0.982373892448
CS.386	41.30146	534.125	279	5.56718084205	0.937366533629
CS.348	64.66566	918.294117647	333	6.50149004386	0.97650164433
CS.181	64.41238	881.038461538	379	6.60629832305	0.973310318743
CS.268	59.68666	596.083333333	298	6.55616118203	0.977718859807
T.CS.059	69.90013	526.411764706	316	6.58201432311	0.977206714762
T.CS.034	72.15467	902.789473684	446	6.75874115741	0.972982824632
T.CS.058	66.55328	897.37254902	381	6.65214767477	0.976433706722
T.CS.001	51.28516	791.918367347	361	6.26814834108	0.959664440476
T.CS.069	75.43499	1044	482	7.25459416347	0.982750597775
T.CS.041	72.69004	1195.2	449	6.88680315381	0.974470048551
T.CS.042	85.55983	1109.50704225	507	7.39830215795	0.983956490317
T.CS.080	61.42408	798.571428571	395	6.7836253576	0.977380042761
T.CS.007	48.22489	745.765957447	335	6.23828935331	0.967427618684
T.CS.076	76.56586	892.720588235	435	7.24970832703	0.987209656547
T.CS.046	61.19318	896.6875	381	6.59680931078	0.973229751708
T.CS.038	89.12644	689.542372881	382	7.04704559662	0.983397311543
T.CS.028	75.67955	1309.42857143	487	7.08161433161	0.977649180209
T.CS.085	67.32207	1189.93617021	423	6.75640819582	0.974365964652
T.CS.056	54.67527	866.294117647	327	6.30850200919	0.966642852212
T.CS.117	62.96756	1080.01886792	410	6.52233215633	0.971533053497
T.CS.167	67.45713	1092.47761194	454	6.64247245951	0.969674350221
T.CS.122	76.49354	1227.68493151	502	6.96681409584	0.977097404892
T.CS.123	67.52862	1208.12244898	428	6.78750719617	0.977747602641
T.CS.097	79.35565	1027.38356164	473	6.90584544245	0.973073843607
T.CS.098	84.25026	984.278688525	445	7.09317344419	0.982979669453
T.CS.100	87.11607	828.518518519	426	7.47301869175	0.988512665029
T.CS.126	79.04796	1036.37333333	466	6.9746163331	0.980267391102
T.CS.124	83.22163	896.25	408	7.08558195097	0.979719099766
T.CS.131	81.53118	1127.55882353	468	6.86189151315	0.974474839024
T.CS.119	93.59639	864.126760563	450	7.2913131846	0.985620961713
T.CS.180	72.78055	767.058823529	369	6.82958906007	0.981354828328
T.CS.159	95.15364	926.833333333	422	7.15131294291	0.983327631945
T.CS.134	69.54457	928.512820513	456	6.67915939831	0.969938697196
T.CS.120	73.60569	1351.02040816	460	7.04286832258	0.981471106157
CS.356	35.34788	606.034482759	251	5.96774327889	0.970047136071
CS.110	51.46509	583.4	248	5.88367919275	0.961447802687
CS.085	80.66386	677.960784314	376	7.1406687311	0.98487277703
CS.082	89.14972	719	410	7.08168303188	0.980971155042
CS.087	50.38845	781.75	295	5.78199966618	0.947000173546
CS.238	66.18718	604	310	6.78334257858	0.982936990699
CS.015	55.59772	709.317073171	312	5.93450621484	0.95455779694
CS.088	40.29899	544.913043478	224	5.70294605883	0.957408127994
CS.241	75.66734	726.2	368	6.85324627946	0.981113127223
CS.242	73.69293	1106.54237288	435	6.62854487692	0.96826377386
CS.246	72.58829	1082.61111111	425	6.81818603639	0.977180149415
L.034.M1	70.75508	1058.01587302	460	7.21846032357	0.984031395885
CS.006	60.00565	727.487179487	319	6.23407554922	0.959827752034
L.024.M1	56.79889	802.368421053	372	6.56552259482	0.975507403566
CS.103	70.81369	545.630434783	328	6.92782641686	0.982591205694
CS.191	74.677	1144.9	440	7.05419639048	0.979959494379
CS.347.0	43.29714	470.034482759	232	6.06462280369	0.969047669337
CS.150	66.94112	824.529411765	365	6.447622457	0.972313900492
CS.189	53.15177	700.923076923	297	6.12030120477	0.967521686142
CS.234	37.48329	452.083333333	258	5.59677968789	0.941445838593
CS.078	56.3662	589.727272727	297	6.3682733954	0.975743443204
CS.363	57.88742	679.428571429	352	6.70540903014	0.978099920108
CS.187	60.15305	960.222222222	375	6.40752613733	0.965895974022
CS.113	52.11911	711.1	271	5.87817746828	0.959037759592
CS.346	39.3207	472.666666667	209	5.35391085463	0.943672537245
CS.358	36.71331	589.146341463	275	5.4880058848	0.937236755378
CS.345.0	37.63155	386.217391304	171	4.81918383044	0.923613087483
CS.151	74.079	878.75	407	7.08866678888	0.983349842317
CS.165	47.92018	880.625	275	6.05074099901	0.969080767146
CS.387	64.93147	915.957746479	427	6.94966765719	0.982711838498
CS.361	48.34804	846.65	329	6.0839114268	0.959404448476
CS.321	59.33279	1066.12244898	400	6.50523760779	0.971733817839
CS.227	37.19008	544.565217391	213	5.53732353545	0.953009167875
CS.331	69.81227	900.166666667	402	6.84844477802	0.980614047102
CS.223	61.99983	848	386	6.74119286332	0.98001654455
CS.158	52.29032	487.75	237	6.1880105362	0.974004937235
CS.318	51.06444	945.837209302	365	6.64404594304	0.975062760632
CS.319	53.9492	753.385964912	361	6.3871986511	0.967597462705
CS.194	40.20467	712.2	330	6.10918845056	0.964248487027
CS.152	87.54165	1207.08196721	501	7.57518731551	0.989029600546
CS.112	52.42753	423.823529412	241	5.87623492148	0.956752704276
CS.339	42.78467	1062.26086957	298	5.93989961751	0.955460147734
CS.202	50.96405	914.645833333	366	6.07334563574	0.954360952076
CS.343	44.51465	705.75	342	6.32668288632	0.966822277177
CS.322	49.82949	778.019230769	356	6.5752519076	0.977547273797
CS.255	63.33195	817.3	386	6.79222140496	0.980752535303
CS.326	56.58978	797.32	350	6.40306491496	0.973306834763
CS.390	56.30072	733.5	376	6.48283351825	0.970498311467
CS.370	66.09111	965	421	6.862358157	0.978998786922
CS.253	35.3477	452	193	5.19197465655	0.944494756501
CS.270	55.99204	780.738095238	335	6.42339109332	0.97373710628
CS.393	55.79994	678.096774194	278	6.02509040176	0.963987188535
CS.145	76.54653	1125.64179104	474	7.01539840853	0.978578531847
CS.262	54.74726	845.833333333	404	6.64796585148	0.975349753476
T.CS.043	62.43045	1125.4	417	6.89697890561	0.97904407866
T.CS.055	68.59212	1196.28571429	433	6.76564831284	0.975867559988
T.CS.008	57.31252	887.5	436	6.58064120084	0.956473114889
T.CS.031	69.59732	1055.25	450	7.10036882505	0.982170950619
T.CS.036	73.66872	728.75	384	6.98749520503	0.980229067323
T.CS.064	78.30626	1207.17808219	508	7.17147354262	0.977475852209
TFS.022	85.35109	923.585365854	484	7.53049887882	0.988977776345
T.CS.026	47.56452	644.87755102	327	6.29978642405	0.972353966261
TFS.025	55.15351	777.637931034	381	6.71581603945	0.976676278822
T.CS.045	65.05925	893.169491525	403	6.35761728919	0.947492721204
T.CS.061	64.21836	1020.47169811	419	6.95588355221	0.982369101976
TFS.021	74.06193	1249.06521739	589	7.7528956303	0.9875297472
T.CS.066	82.80711	1037.33333333	448	7.01610680501	0.979691227927
T.CS.049	50.15581	862.62	372	6.56196279248	0.974686055305
TFS.027	63.11404	821.0625	432	6.63983654244	0.971030053899
T.CS.151	68.85297	1059.6557377	451	6.86014303146	0.976006919184
T.CS.141	57.93121	978.701754386	415	6.85157191148	0.979743487625
T.CS.166	78.041	1034.08333333	472	7.11500391965	0.980617531082
T.CS.142	61.04052	1043.50847458	428	6.72773244955	0.977238506078
T.CS.158	79.81069	1075.36842105	497	7.07137945874	0.977147922601
T.CS.095	81.92477	1068.01408451	494	7.4123257758	0.984782193553
T.CS.157	60.1959	897.659574468	371	6.57682651712	0.974680829335
T.CS.109	84.20443	1256.125	487	7.446466494	0.9877030752
T.CS.152	71.33776	1121.63793103	453	6.84242072759	0.972753317457
