PD_whole_tree	chao1	observed_otus	shannon	simpson
CS.022	45.82996	489.444444444	225	5.91088745483	0.967185482082
CS.036	63.08862	541.03125	279	6.55065721303	0.978710923083
CS.005	87.21391	928.195652174	414	7.15163235249	0.982798937996
CS.017	60.60506	613.25	302	5.71078691957	0.929080322939
L.036.M1	71.89136	945.529411765	411	6.99718833886	0.97921914865
CS.174	83.72935	1166.15909091	538	7.34763833983	0.981812971685
CS.265	97.47906	820.391891892	452	7.12389616961	0.974288446099
CS.098	78.16861	582.767857143	347	6.95380003971	0.984374132407
L.002.M1	46.70484	668.773584906	330	6.04703378152	0.96279566741
CS.016	51.76786	496.214285714	258	6.21159425564	0.964744954163
CS.093	77.93923	608.101694915	353	6.83245033616	0.97778766841
L.031.M1	85.97143	843.337837838	446	7.18369394995	0.982809389936
CS.176	71.62528	995.12195122	375	6.50851256646	0.964899555771
CS.172	57.76873	817.214285714	292	6.16415533253	0.967703288594
CS.264	50.00241	428.5	240	5.26145135452	0.934977829912
CS.373	63.72245	956.784313725	385	6.37312539508	0.958786477542
CS.076	51.772	521.181818182	243	5.83708274666	0.964640434766
CS.064	69.91233	564.756756757	298	6.60108838627	0.979089805897
CS.118	58.82064	683.090909091	283	5.9547534053	0.959999338044
CS.127	62.95792	1080.48214286	432	6.97132601311	0.982353424066
CS.149	61.41136	789.85	381	6.62464378968	0.977054290641
CS.137	62.84043	551.246153846	338	6.61935329435	0.9750335823
CS.062	63.05917	793.777777778	321	6.3955299512	0.970645074121
CS.154	30.01407	460	156	4.85330479262	0.935241741389
CS.153	75.75788	749.317073171	352	6.86003894222	0.982335133172
CS.065	60.62497	907.45	343	6.38383497062	0.971754286221
CS.366	41.97411	784.2	321	6.0310979711	0.957813140658
CS.230	42.67571	561.027027027	271	5.86024907839	0.947471381827
CS.073	58.90019	688.571428571	302	6.52426661077	0.979663356087
CS.269	35.64252	530.875	244	5.63820648881	0.953633235775
CS.380	73.08874	1110.59649123	464	7.29262079238	0.984911100809
CS.213	43.6912	709.818181818	323	6.32848837632	0.970762222945
CS.282	51.91179	1016.15789474	353	6.38992314933	0.972062182944
CS.374	55.49643	923.660377358	378	6.69097223461	0.980555254941
CS.375	53.81888	1000.02040816	380	6.38446698704	0.97116331613
CS.232	87.36415	833.12244898	398	7.12496767232	0.984138528267
CS.205	50.88079	888	402	6.5871287965	0.971146767226
CS.125	51.33107	765.220338983	368	6.42363013852	0.964026818806
CS.376	55.0281	929.346938776	373	6.415152378	0.968378309699
CS.203	59.31398	919.344262295	405	6.38679076113	0.962855330565
CS.302	37.88055	655.59375	268	5.84781774126	0.959819042084
CS.224	34.16981	560.84375	248	5.35862250666	0.923013407443
CS.236	46.20137	433.166666667	210	5.55428021609	0.95268254476
CS.136	64.14091	552.825	299	6.56178134304	0.977852993033
CS.041	50.89165	534.833333333	251	5.60514453667	0.932337408646
CS.256	57.61418	716.631578947	364	6.57085381868	0.974419530843
CS.254	62.16516	754.75	389	6.85870674223	0.977434915445
CS.181	64.41238	881.038461538	379	6.60629832305	0.973310318743
CS.166	66.26063	928.5	376	6.78491363107	0.979089805897
CS.178	67.57516	702.666666667	358	6.77081022645	0.977249829013
CS.182	78.28983	838.180722892	448	7.10242456785	0.983314567021
CS.183	49.17559	583.914893617	303	5.98932294483	0.956720477462
CS.395	68.90364	852.01754386	402	7.00537435368	0.984435537553
CS.268	59.68666	596.083333333	298	6.55616118203	0.977718859807
CS.214	57.23535	744.666666667	346	6.29829327614	0.97100392405
CS.147	58.42932	847.230769231	406	6.74398006229	0.977459303304
CS.323	72.60433	997.172413793	430	7.1232104629	0.985316984467
CS.177	47.46495	668.033898305	354	6.15596419519	0.956793205542
CS.372	57.11989	722.566037736	362	6.75957425621	0.979794440831
CS.386	41.30146	534.125	279	5.56718084205	0.937366533629
T.CS.050	64.39068	879.222222222	383	6.47567975545	0.968356099327
T.CS.024	65.71117	1028.5	406	6.75847969423	0.976613567184
T.CS.012	50.08713	839.019230769	363	6.65453843847	0.980076207705
TFS.024	57.08813	893.622222222	368	6.64555195495	0.97649990234
T.CS.029	80.9126	789.4	412	6.94437874091	0.976970239626
T.CS.035	76.21983	1083.65454545	438	7.05710720871	0.981128805132
T.CS.034	72.15467	902.789473684	446	6.75874115741	0.972982824632
T.CS.056	54.67527	866.294117647	327	6.30850200919	0.966642852212
T.CS.020	80.23638	974.651162791	399	7.21685119092	0.986980149371
T.CS.057	48.4391	795.558139535	342	6.58019024863	0.978455721555
T.CS.048	60.09315	1007	378	7.03084269579	0.985694125291
T.CS.046	61.19318	896.6875	381	6.59680931078	0.973229751708
T.CS.019	51.89856	844	329	6.03312979281	0.962033982304
T.CS.003	71.68788	1045.52941176	467	7.03553985188	0.977866928952
T.CS.038	89.12644	689.542372881	382	7.04704559662	0.983397311543
T.CS.131	81.53118	1127.55882353	468	6.86189151315	0.974474839024
T.CS.156	69.50112	1160	445	6.79265970547	0.973552455346
T.CS.126	79.04796	1036.37333333	466	6.9746163331	0.980267391102
T.CS.128	86.10473	1189.06976744	430	7.01123743532	0.977528982902
T.CS.129	84.34811	848	410	6.95106771073	0.977169261978
T.CS.159	95.15364	926.833333333	422	7.15131294291	0.983327631945
T.CS.107	72.61591	1235.55223881	488	6.97809999867	0.978147824832
T.CS.180	72.78055	767.058823529	369	6.82958906007	0.981354828328
T.CS.111	64.07223	1353.78181818	466	6.74258506348	0.974117731084
T.CS.139	82.92212	1050.20547945	488	7.27250025817	0.98383977699
T.CS.118	71.5671	1012.68181818	446	7.07536981456	0.9835954629
T.CS.108	89.05924	970.538461538	419	7.15242853132	0.985449375703
T.CS.121	77.30013	1093.88888889	451	7.26419737759	0.986044700769
T.CS.161	92.08494	1140.5	466	7.32759871853	0.986926147683
T.CS.116	65.95387	635.9375	296	6.41060627964	0.969754917257
CS.085	80.66386	677.960784314	376	7.1406687311	0.98487277703
L.024.M1	56.79889	802.368421053	372	6.56552259482	0.975507403566
L.034.M1	70.75508	1058.01587302	460	7.21846032357	0.984031395885
CS.006	60.00565	727.487179487	319	6.23407554922	0.959827752034
CS.242	73.69293	1106.54237288	435	6.62854487692	0.96826377386
CS.015	55.59772	709.317073171	312	5.93450621484	0.95455779694
CS.246	72.58829	1082.61111111	425	6.81818603639	0.977180149415
CS.082	89.14972	719	410	7.08168303188	0.980971155042
CS.087	50.38845	781.75	295	5.78199966618	0.947000173546
CS.241	75.66734	726.2	368	6.85324627946	0.981113127223
CS.238	66.18718	604	310	6.78334257858	0.982936990699
CS.088	40.29899	544.913043478	224	5.70294605883	0.957408127994
CS.103	70.81369	545.630434783	328	6.92782641686	0.982591205694
CS.237	57.98729	597.757575758	277	5.98425714399	0.957877158788
CS.356	35.34788	606.034482759	251	5.96774327889	0.970047136071
CS.207	46.48063	583.27027027	269	5.94464040511	0.962924139168
CS.164	34.23974	265.1875	127	4.474847785	0.918791259304
CS.311	57.14124	699.871794872	305	6.28005565622	0.971325756693
CS.188	59.07432	1038.67164179	464	6.99794933946	0.97794009253
CS.347.0	43.29714	470.034482759	232	6.06462280369	0.969047669337
CS.233	64.39509	465.069767442	264	6.00055573421	0.962936333098
CS.304	50.77043	666.95	295	6.06768128883	0.9621907614
CS.363	57.88742	679.428571429	352	6.70540903014	0.978099920108
CS.234	37.48329	452.083333333	258	5.59677968789	0.941445838593
CS.308.0	46.10123	522.451612903	235	5.26081522864	0.933720548666
CS.151	74.079	878.75	407	7.08866678888	0.983349842317
CS.044	53.45441	782.576923077	281	6.27449230745	0.972251624351
CS.191	74.677	1144.9	440	7.05419639048	0.979959494379
CS.364	43.52221	580.181818182	319	6.22348126099	0.969224481317
CS.113	52.11911	711.1	271	5.87817746828	0.959037759592
CS.343	44.51465	705.75	342	6.32668288632	0.966822277177
CS.202	50.96405	914.645833333	366	6.07334563574	0.954360952076
CS.339	42.78467	1062.26086957	298	5.93989961751	0.955460147734
CS.322	49.82949	778.019230769	356	6.5752519076	0.977547273797
CS.319	53.9492	753.385964912	361	6.3871986511	0.967597462705
CS.227	37.19008	544.565217391	213	5.53732353545	0.953009167875
CS.331	69.81227	900.166666667	402	6.84844477802	0.980614047102
CS.163	48.48348	482.724137931	224	5.61125977418	0.957438177321
CS.223	61.99983	848	386	6.74119286332	0.98001654455
CS.318	51.06444	945.837209302	365	6.64404594304	0.975062760632
CS.285	38.21263	564.869565217	217	5.70768438952	0.966143772092
CS.152	87.54165	1207.08196721	501	7.57518731551	0.989029600546
CS.320	58.78536	1218.48648649	384	6.76643098394	0.981705839303
CS.321	59.33279	1066.12244898	400	6.50523760779	0.971733817839
CS.194	40.20467	712.2	330	6.10918845056	0.964248487027
CS.393	55.79994	678.096774194	278	6.02509040176	0.963987188535
CS.145	76.54653	1125.64179104	474	7.01539840853	0.978578531847
CS.326	56.58978	797.32	350	6.40306491496	0.973306834763
CS.262	54.74726	845.833333333	404	6.64796585148	0.975349753476
CS.390	56.30072	733.5	376	6.48283351825	0.970498311467
CS.370	66.09111	965	421	6.862358157	0.978998786922
CS.253	35.3477	452	193	5.19197465655	0.944494756501
CS.270	55.99204	780.738095238	335	6.42339109332	0.97373710628
CS.255	63.33195	817.3	386	6.79222140496	0.980752535303
T.CS.043	62.43045	1125.4	417	6.89697890561	0.97904407866
T.CS.055	68.59212	1196.28571429	433	6.76564831284	0.975867559988
T.CS.036	73.66872	728.75	384	6.98749520503	0.980229067323
T.CS.064	78.30626	1207.17808219	508	7.17147354262	0.977475852209
TFS.022	85.35109	923.585365854	484	7.53049887882	0.988977776345
T.CS.049	50.15581	862.62	372	6.56196279248	0.974686055305
T.CS.031	69.59732	1055.25	450	7.10036882505	0.982170950619
TFS.020	74.43619	920	430	7.13757444011	0.984555299362
T.CS.008	57.31252	887.5	436	6.58064120084	0.956473114889
T.CS.045	65.05925	893.169491525	403	6.35761728919	0.947492721204
T.CS.026	47.56452	644.87755102	327	6.29978642405	0.972353966261
TFS.027	63.11404	821.0625	432	6.63983654244	0.971030053899
T.CS.066	82.80711	1037.33333333	448	7.01610680501	0.979691227927
TFS.025	55.15351	777.637931034	381	6.71581603945	0.976676278822
TFS.021	74.06193	1249.06521739	589	7.7528956303	0.9875297472
T.CS.152	71.33776	1121.63793103	453	6.84242072759	0.972753317457
T.CS.142	61.04052	1043.50847458	428	6.72773244955	0.977238506078
T.CS.109	84.20443	1256.125	487	7.446466494	0.9877030752
T.CS.141	57.93121	978.701754386	415	6.85157191148	0.979743487625
T.CS.157	60.1959	897.659574468	371	6.57682651712	0.974680829335
T.CS.166	78.041	1034.08333333	472	7.11500391965	0.980617531082
T.CS.158	79.81069	1075.36842105	497	7.07137945874	0.977147922601
T.CS.095	81.92477	1068.01408451	494	7.4123257758	0.984782193553
T.CS.151	68.85297	1059.6557377	451	6.86014303146	0.976006919184
