PD_whole_tree	chao1	observed_otus	shannon	simpson
CS.005	87.21391	928.195652174	414	7.15163235249	0.982798937996
L.036.M1	71.89136	945.529411765	411	6.99718833886	0.97921914865
CS.038	51.52944	592.8	282	6.07038893117	0.957079327392
CS.021	55.93926	1502.25	291	6.45316861598	0.975866253496
CS.022	45.82996	489.444444444	225	5.91088745483	0.967185482082
CS.059	74.0919	587	347	6.95487231785	0.983263613815
CS.244	63.61954	489.161290323	274	6.76268413751	0.983052833031
CS.199	53.85998	394.888888889	226	6.19163763512	0.97339045028
CS.174	83.72935	1166.15909091	538	7.34763833983	0.981812971685
CS.091	55.72078	684.24	255	6.066246071	0.972315642482
L.006.M1	65.54753	661.270833333	362	7.24298862949	0.987928227401
L.001.M1	76.14962	674.833333333	354	6.61833056202	0.968494152031
CS.176	71.62528	995.12195122	375	6.50851256646	0.964899555771
L.011.M1	57.58105	829.125	303	6.31546578459	0.973151797657
CS.143	67.21222	576.972972973	314	6.6797843935	0.974841527908
CS.287	59.87732	796.4	338	6.69591888841	0.980349700127
CS.062	63.05917	793.777777778	321	6.3955299512	0.970645074121
CS.368	79.21084	1118.78846154	441	7.18501345283	0.984324485694
CS.341	52.44954	789.288461538	351	6.25779382049	0.963905750505
CS.042	50.70491	1049.64705882	273	6.18995964707	0.973014615949
CS.067	35.34234	309.882352941	151	5.12352270866	0.944192956743
CS.060	55.22339	626.913043478	251	6.1521974145	0.973900853336
CS.122	66.96008	592.7	302	6.40043786684	0.97152390805
CS.327	56.35991	1193.625	403	6.35263509688	0.967896213981
CS.335	33.76463	576.27027027	262	5.69736265406	0.956336804176
CS.230	42.67571	561.027027027	271	5.86024907839	0.947471381827
CS.290	49.11392	675	334	6.25015827634	0.95688030504
CS.065	60.62497	907.45	343	6.38383497062	0.971754286221
CS.149	61.41136	789.85	381	6.62464378968	0.977054290641
CS.367	35.51786	519.029411765	241	5.76612704329	0.963685824274
CS.374	55.49643	923.660377358	378	6.69097223461	0.980555254941
CS.041	50.89165	534.833333333	251	5.60514453667	0.932337408646
CS.236	46.20137	433.166666667	210	5.55428021609	0.95268254476
CS.128	70.82491	1293.68421053	475	7.10430674274	0.979665969072
CS.378	47.24715	569.085714286	279	6.46954394962	0.979322797052
CS.213	43.6912	709.818181818	323	6.32848837632	0.970762222945
CS.375	53.81888	1000.02040816	380	6.38446698704	0.97116331613
CS.205	50.88079	888	402	6.5871287965	0.971146767226
CS.302	37.88055	655.59375	268	5.84781774126	0.959819042084
CS.126	72.30157	1211.87301587	476	7.0231210093	0.978482286902
CS.376	55.0281	929.346938776	373	6.415152378	0.968378309699
CS.232	87.36415	833.12244898	398	7.12496767232	0.984138528267
CS.125	51.33107	765.220338983	368	6.42363013852	0.964026818806
CS.292	64.59762	598.068181818	298	6.23962856774	0.966922441599
CS.380	73.08874	1110.59649123	464	7.29262079238	0.984911100809
CS.349	74.49299	795.6	429	7.02620693026	0.980594885213
CS.178	67.57516	702.666666667	358	6.77081022645	0.977249829013
CS.386	41.30146	534.125	279	5.56718084205	0.937366533629
CS.395	68.90364	852.01754386	402	7.00537435368	0.984435537553
CS.182	78.28983	838.180722892	448	7.10242456785	0.983314567021
CS.348	64.66566	918.294117647	333	6.50149004386	0.97650164433
CS.148	47.5661	486.766666667	303	6.14357379957	0.970204786161
CS.214	57.23535	744.666666667	346	6.29829327614	0.97100392405
CS.256	57.61418	716.631578947	364	6.57085381868	0.974419530843
CS.268	59.68666	596.083333333	298	6.55616118203	0.977718859807
CS.147	58.42932	847.230769231	406	6.74398006229	0.977459303304
CS.385	65.50113	890.038461538	388	6.87889430286	0.982373892448
CS.183	49.17559	583.914893617	303	5.98932294483	0.956720477462
CS.166	66.26063	928.5	376	6.78491363107	0.979089805897
CS.177	47.46495	668.033898305	354	6.15596419519	0.956793205542
T.CS.020	80.23638	974.651162791	399	7.21685119092	0.986980149371
T.CS.080	61.42408	798.571428571	395	6.7836253576	0.977380042761
T.CS.040	82.47706	1217.30434783	496	7.10084344328	0.98060577265
T.CS.079	53.03933	636.966666667	344	6.60273114939	0.978379509495
T.CS.012	50.08713	839.019230769	363	6.65453843847	0.980076207705
TFS.023	59.44978	914.118644068	395	6.78833076827	0.980861409675
T.CS.004	69.63832	1299.5	497	7.23067328989	0.984696836045
T.CS.069	75.43499	1044	482	7.25459416347	0.982750597775
T.CS.007	48.22489	745.765957447	335	6.23828935331	0.967427618684
T.CS.057	48.4391	795.558139535	342	6.58019024863	0.978455721555
T.CS.042	85.55983	1109.50704225	507	7.39830215795	0.983956490317
T.CS.028	75.67955	1309.42857143	487	7.08161433161	0.977649180209
T.CS.023	40.38898	499.666666667	268	6.13024106614	0.972092667768
T.CS.056	54.67527	866.294117647	327	6.30850200919	0.966642852212
T.CS.019	51.89856	844	329	6.03312979281	0.962033982304
T.CS.129	84.34811	848	410	6.95106771073	0.977169261978
T.CS.130	78.76038	1044.78846154	422	7.04628516855	0.983254903865
T.CS.105	90.85852	720.303571429	386	7.05814609918	0.983396876046
T.CS.102	79.21437	1029.43589744	481	6.92900697563	0.975910674239
T.CS.167	67.45713	1092.47761194	454	6.64247245951	0.969674350221
T.CS.115	92.23456	870.467741935	427	7.149093667	0.984338421613
T.CS.161	92.08494	1140.5	466	7.32759871853	0.986926147683
T.CS.131	81.53118	1127.55882353	468	6.86189151315	0.974474839024
T.CS.097	79.35565	1027.38356164	473	6.90584544245	0.973073843607
T.CS.091	85.16412	1180.25	494	7.30643276004	0.984324921191
T.CS.111	64.07223	1353.78181818	466	6.74258506348	0.974117731084
T.CS.128	86.10473	1189.06976744	430	7.01123743532	0.977528982902
T.CS.121	77.30013	1093.88888889	451	7.26419737759	0.986044700769
T.CS.177	88.74864	894.338709677	424	6.955839021	0.977892187807
T.CS.123	67.52862	1208.12244898	428	6.78750719617	0.977747602641
CS.237	57.98729	597.757575758	277	5.98425714399	0.957877158788
CS.082	89.14972	719	410	7.08168303188	0.980971155042
CS.087	50.38845	781.75	295	5.78199966618	0.947000173546
CS.241	75.66734	726.2	368	6.85324627946	0.981113127223
CS.085	80.66386	677.960784314	376	7.1406687311	0.98487277703
CS.015	55.59772	709.317073171	312	5.93450621484	0.95455779694
CS.110	51.46509	583.4	248	5.88367919275	0.961447802687
CS.356	35.34788	606.034482759	251	5.96774327889	0.970047136071
CS.242	73.69293	1106.54237288	435	6.62854487692	0.96826377386
CS.246	72.58829	1082.61111111	425	6.81818603639	0.977180149415
CS.088	40.29899	544.913043478	224	5.70294605883	0.957408127994
CS.103	70.81369	545.630434783	328	6.92782641686	0.982591205694
L.034.M1	70.75508	1058.01587302	460	7.21846032357	0.984031395885
L.024.M1	56.79889	802.368421053	372	6.56552259482	0.975507403566
CS.006	60.00565	727.487179487	319	6.23407554922	0.959827752034
CS.187	60.15305	960.222222222	375	6.40752613733	0.965895974022
CS.078	56.3662	589.727272727	297	6.3682733954	0.975743443204
CS.304	50.77043	666.95	295	6.06768128883	0.9621907614
CS.274	52.58266	803.725806452	390	6.69418497968	0.973216686783
CS.347.0	43.29714	470.034482759	232	6.06462280369	0.969047669337
CS.387	64.93147	915.957746479	427	6.94966765719	0.982711838498
CS.191	74.677	1144.9	440	7.05419639048	0.979959494379
CS.358	36.71331	589.146341463	275	5.4880058848	0.937236755378
CS.150	66.94112	824.529411765	365	6.447622457	0.972313900492
CS.044	53.45441	782.576923077	281	6.27449230745	0.972251624351
CS.228	56.21136	460.108108108	254	6.01750865849	0.96295157551
CS.207	46.48063	583.27027027	269	5.94464040511	0.962924139168
CS.363	57.88742	679.428571429	352	6.70540903014	0.978099920108
CS.212	51.51703	783.568965517	372	6.52368319866	0.972152330924
CS.325	33.53254	593.5625	249	5.50557691382	0.947953477545
CS.322	49.82949	778.019230769	356	6.5752519076	0.977547273797
CS.112	52.42753	423.823529412	241	5.87623492148	0.956752704276
CS.319	53.9492	753.385964912	361	6.3871986511	0.967597462705
CS.227	37.19008	544.565217391	213	5.53732353545	0.953009167875
CS.158	52.29032	487.75	237	6.1880105362	0.974004937235
CS.285	38.21263	564.869565217	217	5.70768438952	0.966143772092
CS.331	69.81227	900.166666667	402	6.84844477802	0.980614047102
CS.194	40.20467	712.2	330	6.10918845056	0.964248487027
CS.361	48.34804	846.65	329	6.0839114268	0.959404448476
CS.343	44.51465	705.75	342	6.32668288632	0.966822277177
CS.318	51.06444	945.837209302	365	6.64404594304	0.975062760632
CS.202	50.96405	914.645833333	366	6.07334563574	0.954360952076
CS.080	46.68489	562.387096774	253	6.1549317024	0.971206865879
CS.152	87.54165	1207.08196721	501	7.57518731551	0.989029600546
CS.163	48.48348	482.724137931	224	5.61125977418	0.957438177321
CS.390	56.30072	733.5	376	6.48283351825	0.970498311467
CS.253	35.3477	452	193	5.19197465655	0.944494756501
CS.326	56.58978	797.32	350	6.40306491496	0.973306834763
CS.370	66.09111	965	421	6.862358157	0.978998786922
CS.270	55.99204	780.738095238	335	6.42339109332	0.97373710628
CS.145	76.54653	1125.64179104	474	7.01539840853	0.978578531847
CS.393	55.79994	678.096774194	278	6.02509040176	0.963987188535
CS.262	54.74726	845.833333333	404	6.64796585148	0.975349753476
CS.255	63.33195	817.3	386	6.79222140496	0.980752535303
TFS.025	55.15351	777.637931034	381	6.71581603945	0.976676278822
T.CS.045	65.05925	893.169491525	403	6.35761728919	0.947492721204
T.CS.026	47.56452	644.87755102	327	6.29978642405	0.972353966261
TFS.020	74.43619	920	430	7.13757444011	0.984555299362
T.CS.036	73.66872	728.75	384	6.98749520503	0.980229067323
TFS.027	63.11404	821.0625	432	6.63983654244	0.971030053899
T.CS.043	62.43045	1125.4	417	6.89697890561	0.97904407866
T.CS.049	50.15581	862.62	372	6.56196279248	0.974686055305
T.CS.061	64.21836	1020.47169811	419	6.95588355221	0.982369101976
TFS.021	74.06193	1249.06521739	589	7.7528956303	0.9875297472
T.CS.064	78.30626	1207.17808219	508	7.17147354262	0.977475852209
TFS.022	85.35109	923.585365854	484	7.53049887882	0.988977776345
T.CS.008	57.31252	887.5	436	6.58064120084	0.956473114889
T.CS.055	68.59212	1196.28571429	433	6.76564831284	0.975867559988
T.CS.066	82.80711	1037.33333333	448	7.01610680501	0.979691227927
T.CS.141	57.93121	978.701754386	415	6.85157191148	0.979743487625
T.CS.152	71.33776	1121.63793103	453	6.84242072759	0.972753317457
T.CS.158	79.81069	1075.36842105	497	7.07137945874	0.977147922601
T.CS.142	61.04052	1043.50847458	428	6.72773244955	0.977238506078
T.CS.151	68.85297	1059.6557377	451	6.86014303146	0.976006919184
T.CS.095	81.92477	1068.01408451	494	7.4123257758	0.984782193553
T.CS.157	60.1959	897.659574468	371	6.57682651712	0.974680829335
T.CS.109	84.20443	1256.125	487	7.446466494	0.9877030752
T.CS.166	78.041	1034.08333333	472	7.11500391965	0.980617531082
