PD_whole_tree	chao1	observed_otus	shannon	simpson
CS.036	63.08862	541.03125	279	6.55065721303	0.978710923083
L.007.M1	69.41397	1120.59677419	477	7.16661419094	0.981992396649
CS.265	97.47906	820.391891892	452	7.12389616961	0.974288446099
CS.104	66.29261	659.7	309	6.42033473396	0.970498311467
L.005.M1	70.963	1024.421875	457	7.01391595691	0.975874963445
L.025.M1	53.42792	817.042553191	359	6.66584254524	0.979004012892
CS.028	77.99057	596.826086957	334	6.79842140871	0.980433315645
CS.098	78.16861	582.767857143	347	6.95380003971	0.984374132407
CS.038	51.52944	592.8	282	6.07038893117	0.957079327392
CS.281	69.33108	1073.68292683	380	6.53564019851	0.968237208513
CS.245	54.19798	903.20754717	380	6.39147229151	0.969663898282
CS.297	67.1433	1048.953125	443	6.77684726875	0.975110229858
CS.043	64.34857	730	315	6.74331503581	0.979833635605
CS.264	50.00241	428.5	240	5.26145135452	0.934977829912
CS.092	84.14307	598.659574468	348	6.99543580558	0.983021041714
CS.077	61.69042	787.818181818	331	6.10392871738	0.957011389784
CS.118	58.82064	683.090909091	283	5.9547534053	0.959999338044
CS.154	30.01407	460	156	4.85330479262	0.935241741389
CS.335	33.76463	576.27027027	262	5.69736265406	0.956336804176
CS.371.1	54.09516	958.701754386	395	6.39048846079	0.967608350142
CS.155	67.7537	843.1	408	7.22611250408	0.987524956728
CS.186	84.44578	925.430769231	435	7.02103401701	0.98178422885
CS.365	65.80775	968.358490566	409	6.77474477719	0.973772817074
CS.290	49.11392	675	334	6.25015827634	0.95688030504
CS.248	72.61941	781.153846154	340	6.86956514619	0.98420907886
CS.388	41.60466	649.9	295	6.18997178471	0.971357983507
CS.073	58.90019	688.571428571	302	6.52426661077	0.979663356087
CS.301	68.72994	923.15625	429	7.04717846796	0.981761582981
CS.287	59.87732	796.4	338	6.69591888841	0.980349700127
CS.149	61.41136	789.85	381	6.62464378968	0.977054290641
CS.128	70.82491	1293.68421053	475	7.10430674274	0.979665969072
CS.041	50.89165	534.833333333	251	5.60514453667	0.932337408646
CS.224	34.16981	560.84375	248	5.35862250666	0.923013407443
CS.213	43.6912	709.818181818	323	6.32848837632	0.970762222945
CS.292	64.59762	598.068181818	298	6.23962856774	0.966922441599
CS.376	55.0281	929.346938776	373	6.415152378	0.968378309699
CS.126	72.30157	1211.87301587	476	7.0231210093	0.978482286902
CS.236	46.20137	433.166666667	210	5.55428021609	0.95268254476
CS.302	37.88055	655.59375	268	5.84781774126	0.959819042084
CS.374	55.49643	923.660377358	378	6.69097223461	0.980555254941
CS.232	87.36415	833.12244898	398	7.12496767232	0.984138528267
CS.136	64.14091	552.825	299	6.56178134304	0.977852993033
CS.203	59.31398	919.344262295	405	6.38679076113	0.962855330565
CS.125	51.33107	765.220338983	368	6.42363013852	0.964026818806
CS.378	47.24715	569.085714286	279	6.46954394962	0.979322797052
CS.386	41.30146	534.125	279	5.56718084205	0.937366533629
CS.349	74.49299	795.6	429	7.02620693026	0.980594885213
CS.268	59.68666	596.083333333	298	6.55616118203	0.977718859807
CS.181	64.41238	881.038461538	379	6.60629832305	0.973310318743
CS.254	62.16516	754.75	389	6.85870674223	0.977434915445
CS.182	78.28983	838.180722892	448	7.10242456785	0.983314567021
CS.372	57.11989	722.566037736	362	6.75957425621	0.979794440831
CS.166	66.26063	928.5	376	6.78491363107	0.979089805897
CS.148	47.5661	486.766666667	303	6.14357379957	0.970204786161
CS.129	56.6716	935.459459459	348	6.71868482096	0.981093965333
CS.256	57.61418	716.631578947	364	6.57085381868	0.974419530843
CS.395	68.90364	852.01754386	402	7.00537435368	0.984435537553
CS.177	47.46495	668.033898305	354	6.15596419519	0.956793205542
CS.348	64.66566	918.294117647	333	6.50149004386	0.97650164433
CS.389	53.36524	717.781818182	345	6.38418449585	0.97160360409
TFS.024	57.08813	893.622222222	368	6.64555195495	0.97649990234
T.CS.035	76.21983	1083.65454545	438	7.05710720871	0.981128805132
T.CS.079	53.03933	636.966666667	344	6.60273114939	0.978379509495
T.CS.003	71.68788	1045.52941176	467	7.03553985188	0.977866928952
T.CS.007	48.22489	745.765957447	335	6.23828935331	0.967427618684
T.CS.062	71.71145	1043.19565217	404	6.73537592434	0.969595525176
T.CS.085	67.32207	1189.93617021	423	6.75640819582	0.974365964652
T.CS.020	80.23638	974.651162791	399	7.21685119092	0.986980149371
T.CS.050	64.39068	879.222222222	383	6.47567975545	0.968356099327
T.CS.038	89.12644	689.542372881	382	7.04704559662	0.983397311543
T.CS.056	54.67527	866.294117647	327	6.30850200919	0.966642852212
T.CS.024	65.71117	1028.5	406	6.75847969423	0.976613567184
TFS.023	59.44978	914.118644068	395	6.78833076827	0.980861409675
T.CS.014	67.02432	855.022222222	372	6.6680817653	0.97373536429
T.CS.028	75.67955	1309.42857143	487	7.08161433161	0.977649180209
T.CS.108	89.05924	970.538461538	419	7.15242853132	0.985449375703
T.CS.107	72.61591	1235.55223881	488	6.97809999867	0.978147824832
T.CS.177	88.74864	894.338709677	424	6.955839021	0.977892187807
T.CS.139	82.92212	1050.20547945	488	7.27250025817	0.98383977699
T.CS.117	62.96756	1080.01886792	410	6.52233215633	0.971533053497
T.CS.178	86.36602	914.050847458	432	7.21062976028	0.984780451563
T.CS.180	72.78055	767.058823529	369	6.82958906007	0.981354828328
T.CS.161	92.08494	1140.5	466	7.32759871853	0.986926147683
T.CS.104	88.68259	1167.47457627	467	6.90910636658	0.974018873155
T.CS.122	76.49354	1227.68493151	502	6.96681409584	0.977097404892
T.CS.110	84.52998	1048.01587302	450	7.00845971088	0.979095902861
T.CS.123	67.52862	1208.12244898	428	6.78750719617	0.977747602641
T.CS.100	87.11607	828.518518519	426	7.47301869175	0.988512665029
T.CS.120	73.60569	1351.02040816	460	7.04286832258	0.981471106157
T.CS.167	67.45713	1092.47761194	454	6.64247245951	0.969674350221
CS.241	75.66734	726.2	368	6.85324627946	0.981113127223
CS.088	40.29899	544.913043478	224	5.70294605883	0.957408127994
CS.015	55.59772	709.317073171	312	5.93450621484	0.95455779694
CS.082	89.14972	719	410	7.08168303188	0.980971155042
CS.085	80.66386	677.960784314	376	7.1406687311	0.98487277703
CS.103	70.81369	545.630434783	328	6.92782641686	0.982591205694
CS.356	35.34788	606.034482759	251	5.96774327889	0.970047136071
CS.006	60.00565	727.487179487	319	6.23407554922	0.959827752034
CS.238	66.18718	604	310	6.78334257858	0.982936990699
CS.237	57.98729	597.757575758	277	5.98425714399	0.957877158788
L.034.M1	70.75508	1058.01587302	460	7.21846032357	0.984031395885
CS.242	73.69293	1106.54237288	435	6.62854487692	0.96826377386
CS.246	72.58829	1082.61111111	425	6.81818603639	0.977180149415
L.024.M1	56.79889	802.368421053	372	6.56552259482	0.975507403566
CS.110	51.46509	583.4	248	5.88367919275	0.961447802687
CS.387	64.93147	915.957746479	427	6.94966765719	0.982711838498
CS.345.0	37.63155	386.217391304	171	4.81918383044	0.923613087483
CS.189	53.15177	700.923076923	297	6.12030120477	0.967521686142
CS.336	62.30037	949.9	364	6.8173638144	0.982815922398
CS.164	34.23974	265.1875	127	4.474847785	0.918791259304
CS.187	60.15305	960.222222222	375	6.40752613733	0.965895974022
CS.311	57.14124	699.871794872	305	6.28005565622	0.971325756693
CS.363	57.88742	679.428571429	352	6.70540903014	0.978099920108
CS.358	36.71331	589.146341463	275	5.4880058848	0.937236755378
CS.274	52.58266	803.725806452	390	6.69418497968	0.973216686783
CS.212	51.51703	783.568965517	372	6.52368319866	0.972152330924
CS.228	56.21136	460.108108108	254	6.01750865849	0.96295157551
CS.338	59.59067	761.9	341	6.63836859261	0.977309056671
CS.165	47.92018	880.625	275	6.05074099901	0.969080767146
CS.330	57.16872	860.245283019	389	6.71392196499	0.973972710421
CS.112	52.42753	423.823529412	241	5.87623492148	0.956752704276
CS.322	49.82949	778.019230769	356	6.5752519076	0.977547273797
CS.361	48.34804	846.65	329	6.0839114268	0.959404448476
CS.163	48.48348	482.724137931	224	5.61125977418	0.957438177321
CS.202	50.96405	914.645833333	366	6.07334563574	0.954360952076
CS.343	44.51465	705.75	342	6.32668288632	0.966822277177
CS.080	46.68489	562.387096774	253	6.1549317024	0.971206865879
CS.321	59.33279	1066.12244898	400	6.50523760779	0.971733817839
CS.194	40.20467	712.2	330	6.10918845056	0.964248487027
CS.158	52.29032	487.75	237	6.1880105362	0.974004937235
CS.339	42.78467	1062.26086957	298	5.93989961751	0.955460147734
CS.320	58.78536	1218.48648649	384	6.76643098394	0.981705839303
CS.223	61.99983	848	386	6.74119286332	0.98001654455
CS.319	53.9492	753.385964912	361	6.3871986511	0.967597462705
CS.331	69.81227	900.166666667	402	6.84844477802	0.980614047102
CS.253	35.3477	452	193	5.19197465655	0.944494756501
CS.370	66.09111	965	421	6.862358157	0.978998786922
CS.270	55.99204	780.738095238	335	6.42339109332	0.97373710628
CS.145	76.54653	1125.64179104	474	7.01539840853	0.978578531847
CS.393	55.79994	678.096774194	278	6.02509040176	0.963987188535
CS.255	63.33195	817.3	386	6.79222140496	0.980752535303
CS.326	56.58978	797.32	350	6.40306491496	0.973306834763
CS.262	54.74726	845.833333333	404	6.64796585148	0.975349753476
CS.390	56.30072	733.5	376	6.48283351825	0.970498311467
TFS.022	85.35109	923.585365854	484	7.53049887882	0.988977776345
T.CS.055	68.59212	1196.28571429	433	6.76564831284	0.975867559988
T.CS.061	64.21836	1020.47169811	419	6.95588355221	0.982369101976
T.CS.049	50.15581	862.62	372	6.56196279248	0.974686055305
TFS.020	74.43619	920	430	7.13757444011	0.984555299362
T.CS.026	47.56452	644.87755102	327	6.29978642405	0.972353966261
TFS.027	63.11404	821.0625	432	6.63983654244	0.971030053899
T.CS.066	82.80711	1037.33333333	448	7.01610680501	0.979691227927
T.CS.031	69.59732	1055.25	450	7.10036882505	0.982170950619
T.CS.045	65.05925	893.169491525	403	6.35761728919	0.947492721204
TFS.021	74.06193	1249.06521739	589	7.7528956303	0.9875297472
T.CS.008	57.31252	887.5	436	6.58064120084	0.956473114889
T.CS.043	62.43045	1125.4	417	6.89697890561	0.97904407866
TFS.025	55.15351	777.637931034	381	6.71581603945	0.976676278822
T.CS.064	78.30626	1207.17808219	508	7.17147354262	0.977475852209
T.CS.158	79.81069	1075.36842105	497	7.07137945874	0.977147922601
T.CS.109	84.20443	1256.125	487	7.446466494	0.9877030752
T.CS.095	81.92477	1068.01408451	494	7.4123257758	0.984782193553
T.CS.141	57.93121	978.701754386	415	6.85157191148	0.979743487625
T.CS.142	61.04052	1043.50847458	428	6.72773244955	0.977238506078
T.CS.152	71.33776	1121.63793103	453	6.84242072759	0.972753317457
T.CS.157	60.1959	897.659574468	371	6.57682651712	0.974680829335
T.CS.166	78.041	1034.08333333	472	7.11500391965	0.980617531082
T.CS.151	68.85297	1059.6557377	451	6.86014303146	0.976006919184
