PD_whole_tree	chao1	observed_otus	shannon	simpson
L.005.M1	70.963	1024.421875	457	7.01391595691	0.975874963445
CS.280	83.39063	1210.08064516	477	7.04841912914	0.979812731725
CS.263	67.48583	864.714285714	355	6.24074837262	0.965915571409
CS.005	87.21391	928.195652174	414	7.15163235249	0.982798937996
L.035.M1	55.71396	1107.38636364	400	6.85722159346	0.981181500328
CS.017	60.60506	613.25	302	5.71078691957	0.929080322939
CS.293	70.45321	1065.35	442	6.91126224323	0.97709435641
L.025.M1	53.42792	817.042553191	359	6.66584254524	0.979004012892
CS.259	67.26999	1096.18181818	431	6.84496970515	0.975942465556
CS.092	84.14307	598.659574468	348	6.99543580558	0.983021041714
CS.086	76.85528	752.487179487	344	6.6584794928	0.974132537999
CS.059	74.0919	587	347	6.95487231785	0.983263613815
CS.098	78.16861	582.767857143	347	6.95380003971	0.984374132407
CS.022	45.82996	489.444444444	225	5.91088745483	0.967185482082
L.008.M1	48.26063	775.4	342	6.22021006954	0.960181811491
CS.058	66.93286	614.772727273	311	6.53618051833	0.977769377515
CS.050	42.19777	394.058823529	189	5.91222707649	0.968157076976
CS.229	58.99669	688.53125	296	6.37016343859	0.972945371848
CS.388	41.60466	649.9	295	6.18997178471	0.971357983507
CS.154	30.01407	460	156	4.85330479262	0.935241741389
CS.042	50.70491	1049.64705882	273	6.18995964707	0.973014615949
CS.117	61.416	617.6	281	6.28119277593	0.974535373175
CS.382	61.95589	1238	422	7.23800514428	0.987131702497
CS.066	52.22094	475.090909091	244	6.01373183012	0.967176336634
CS.287	59.87732	796.4	338	6.69591888841	0.980349700127
CS.155	67.7537	843.1	408	7.22611250408	0.987524956728
CS.149	61.41136	789.85	381	6.62464378968	0.977054290641
CS.381	75.59578	1054.17021277	413	7.21553544724	0.987855499321
CS.360	60.72465	880.1	414	7.09051462288	0.984522201553
CS.371.1	54.09516	958.701754386	395	6.39048846079	0.967608350142
CS.302	37.88055	655.59375	268	5.84781774126	0.959819042084
CS.203	59.31398	919.344262295	405	6.38679076113	0.962855330565
CS.232	87.36415	833.12244898	398	7.12496767232	0.984138528267
CS.205	50.88079	888	402	6.5871287965	0.971146767226
CS.213	43.6912	709.818181818	323	6.32848837632	0.970762222945
CS.128	70.82491	1293.68421053	475	7.10430674274	0.979665969072
CS.125	51.33107	765.220338983	368	6.42363013852	0.964026818806
CS.292	64.59762	598.068181818	298	6.23962856774	0.966922441599
CS.376	55.0281	929.346938776	373	6.415152378	0.968378309699
CS.041	50.89165	534.833333333	251	5.60514453667	0.932337408646
CS.236	46.20137	433.166666667	210	5.55428021609	0.95268254476
CS.375	53.81888	1000.02040816	380	6.38446698704	0.97116331613
CS.374	55.49643	923.660377358	378	6.69097223461	0.980555254941
CS.282	51.91179	1016.15789474	353	6.38992314933	0.972062182944
CS.378	47.24715	569.085714286	279	6.46954394962	0.979322797052
CS.148	47.5661	486.766666667	303	6.14357379957	0.970204786161
CS.359	38.89341	629.75	313	6.1070300499	0.968807274724
CS.147	58.42932	847.230769231	406	6.74398006229	0.977459303304
CS.214	57.23535	744.666666667	346	6.29829327614	0.97100392405
CS.372	57.11989	722.566037736	362	6.75957425621	0.979794440831
CS.129	56.6716	935.459459459	348	6.71868482096	0.981093965333
CS.268	59.68666	596.083333333	298	6.55616118203	0.977718859807
CS.385	65.50113	890.038461538	388	6.87889430286	0.982373892448
CS.254	62.16516	754.75	389	6.85870674223	0.977434915445
CS.166	66.26063	928.5	376	6.78491363107	0.979089805897
CS.389	53.36524	717.781818182	345	6.38418449585	0.97160360409
CS.369	48.5155	451	271	5.76314234833	0.957610198829
CS.183	49.17559	583.914893617	303	5.98932294483	0.956720477462
CS.349	74.49299	795.6	429	7.02620693026	0.980594885213
CS.395	68.90364	852.01754386	402	7.00537435368	0.984435537553
T.CS.082	68.62443	973.185185185	406	6.64423600989	0.971670235206
T.CS.079	53.03933	636.966666667	344	6.60273114939	0.978379509495
T.CS.085	67.32207	1189.93617021	423	6.75640819582	0.974365964652
T.CS.056	54.67527	866.294117647	327	6.30850200919	0.966642852212
T.CS.016	64.4371	1012.55813953	384	6.9380758968	0.984133737794
T.CS.004	69.63832	1299.5	497	7.23067328989	0.984696836045
T.CS.071	75.36113	1266.04761905	491	6.97095459806	0.97511153635
T.CS.028	75.67955	1309.42857143	487	7.08161433161	0.977649180209
T.CS.001	51.28516	791.918367347	361	6.26814834108	0.959664440476
T.CS.019	51.89856	844	329	6.03312979281	0.962033982304
T.CS.067	58.81348	1082.875	415	6.37526497002	0.963068724334
T.CS.029	80.9126	789.4	412	6.94437874091	0.976970239626
T.CS.052	61.68187	710.631578947	358	6.74864951566	0.98111878869
T.CS.007	48.22489	745.765957447	335	6.23828935331	0.967427618684
T.CS.025	66.86535	1078.41176471	408	6.7995361445	0.98035971657
T.CS.105	90.85852	720.303571429	386	7.05814609918	0.983396876046
T.CS.134	69.54457	928.512820513	456	6.67915939831	0.969938697196
T.CS.100	87.11607	828.518518519	426	7.47301869175	0.988512665029
T.CS.092	87.55825	790.051724138	426	7.29315841023	0.976431529234
T.CS.106	83.0265	801.554054054	430	6.87441342946	0.974452193154
T.CS.144	74.32503	977.3	446	7.07943433156	0.978432640188
T.CS.104	88.68259	1167.47457627	467	6.90910636658	0.974018873155
T.CS.153	94.78263	798.096385542	464	7.22965710182	0.981313891564
T.CS.102	79.21437	1029.43589744	481	6.92900697563	0.975910674239
T.CS.112	63.0913	1166.23404255	405	6.46998238807	0.970981713678
T.CS.108	89.05924	970.538461538	419	7.15242853132	0.985449375703
T.CS.116	65.95387	635.9375	296	6.41060627964	0.969754917257
T.CS.128	86.10473	1189.06976744	430	7.01123743532	0.977528982902
T.CS.147	89.123	1253.72727273	553	7.66722871465	0.988291432306
T.CS.117	62.96756	1080.01886792	410	6.52233215633	0.971533053497
CS.246	72.58829	1082.61111111	425	6.81818603639	0.977180149415
CS.238	66.18718	604	310	6.78334257858	0.982936990699
CS.241	75.66734	726.2	368	6.85324627946	0.981113127223
CS.088	40.29899	544.913043478	224	5.70294605883	0.957408127994
CS.356	35.34788	606.034482759	251	5.96774327889	0.970047136071
CS.242	73.69293	1106.54237288	435	6.62854487692	0.96826377386
CS.103	70.81369	545.630434783	328	6.92782641686	0.982591205694
CS.015	55.59772	709.317073171	312	5.93450621484	0.95455779694
CS.237	57.98729	597.757575758	277	5.98425714399	0.957877158788
CS.087	50.38845	781.75	295	5.78199966618	0.947000173546
L.024.M1	56.79889	802.368421053	372	6.56552259482	0.975507403566
L.034.M1	70.75508	1058.01587302	460	7.21846032357	0.984031395885
CS.082	89.14972	719	410	7.08168303188	0.980971155042
CS.085	80.66386	677.960784314	376	7.1406687311	0.98487277703
CS.006	60.00565	727.487179487	319	6.23407554922	0.959827752034
CS.304	50.77043	666.95	295	6.06768128883	0.9621907614
CS.191	74.677	1144.9	440	7.05419639048	0.979959494379
CS.347.0	43.29714	470.034482759	232	6.06462280369	0.969047669337
CS.336	62.30037	949.9	364	6.8173638144	0.982815922398
CS.308.0	46.10123	522.451612903	235	5.26081522864	0.933720548666
CS.228	56.21136	460.108108108	254	6.01750865849	0.96295157551
CS.274	52.58266	803.725806452	390	6.69418497968	0.973216686783
CS.338	59.59067	761.9	341	6.63836859261	0.977309056671
CS.330	57.16872	860.245283019	389	6.71392196499	0.973972710421
CS.165	47.92018	880.625	275	6.05074099901	0.969080767146
CS.387	64.93147	915.957746479	427	6.94966765719	0.982711838498
CS.187	60.15305	960.222222222	375	6.40752613733	0.965895974022
CS.212	51.51703	783.568965517	372	6.52368319866	0.972152330924
CS.233	64.39509	465.069767442	264	6.00055573421	0.962936333098
CS.188	59.07432	1038.67164179	464	6.99794933946	0.97794009253
CS.361	48.34804	846.65	329	6.0839114268	0.959404448476
CS.343	44.51465	705.75	342	6.32668288632	0.966822277177
CS.285	38.21263	564.869565217	217	5.70768438952	0.966143772092
CS.158	52.29032	487.75	237	6.1880105362	0.974004937235
CS.320	58.78536	1218.48648649	384	6.76643098394	0.981705839303
CS.223	61.99983	848	386	6.74119286332	0.98001654455
CS.319	53.9492	753.385964912	361	6.3871986511	0.967597462705
CS.339	42.78467	1062.26086957	298	5.93989961751	0.955460147734
CS.322	49.82949	778.019230769	356	6.5752519076	0.977547273797
CS.331	69.81227	900.166666667	402	6.84844477802	0.980614047102
CS.112	52.42753	423.823529412	241	5.87623492148	0.956752704276
CS.227	37.19008	544.565217391	213	5.53732353545	0.953009167875
CS.163	48.48348	482.724137931	224	5.61125977418	0.957438177321
CS.202	50.96405	914.645833333	366	6.07334563574	0.954360952076
CS.080	46.68489	562.387096774	253	6.1549317024	0.971206865879
CS.390	56.30072	733.5	376	6.48283351825	0.970498311467
CS.262	54.74726	845.833333333	404	6.64796585148	0.975349753476
CS.370	66.09111	965	421	6.862358157	0.978998786922
CS.145	76.54653	1125.64179104	474	7.01539840853	0.978578531847
CS.326	56.58978	797.32	350	6.40306491496	0.973306834763
CS.255	63.33195	817.3	386	6.79222140496	0.980752535303
CS.270	55.99204	780.738095238	335	6.42339109332	0.97373710628
CS.253	35.3477	452	193	5.19197465655	0.944494756501
CS.393	55.79994	678.096774194	278	6.02509040176	0.963987188535
T.CS.061	64.21836	1020.47169811	419	6.95588355221	0.982369101976
TFS.020	74.43619	920	430	7.13757444011	0.984555299362
T.CS.026	47.56452	644.87755102	327	6.29978642405	0.972353966261
TFS.022	85.35109	923.585365854	484	7.53049887882	0.988977776345
T.CS.064	78.30626	1207.17808219	508	7.17147354262	0.977475852209
TFS.025	55.15351	777.637931034	381	6.71581603945	0.976676278822
T.CS.031	69.59732	1055.25	450	7.10036882505	0.982170950619
T.CS.066	82.80711	1037.33333333	448	7.01610680501	0.979691227927
T.CS.045	65.05925	893.169491525	403	6.35761728919	0.947492721204
TFS.021	74.06193	1249.06521739	589	7.7528956303	0.9875297472
T.CS.008	57.31252	887.5	436	6.58064120084	0.956473114889
TFS.027	63.11404	821.0625	432	6.63983654244	0.971030053899
T.CS.036	73.66872	728.75	384	6.98749520503	0.980229067323
T.CS.049	50.15581	862.62	372	6.56196279248	0.974686055305
T.CS.055	68.59212	1196.28571429	433	6.76564831284	0.975867559988
T.CS.157	60.1959	897.659574468	371	6.57682651712	0.974680829335
T.CS.141	57.93121	978.701754386	415	6.85157191148	0.979743487625
T.CS.152	71.33776	1121.63793103	453	6.84242072759	0.972753317457
T.CS.095	81.92477	1068.01408451	494	7.4123257758	0.984782193553
T.CS.158	79.81069	1075.36842105	497	7.07137945874	0.977147922601
T.CS.142	61.04052	1043.50847458	428	6.72773244955	0.977238506078
T.CS.151	68.85297	1059.6557377	451	6.86014303146	0.976006919184
T.CS.109	84.20443	1256.125	487	7.446466494	0.9877030752
T.CS.166	78.041	1034.08333333	472	7.11500391965	0.980617531082
