PD_whole_tree	chao1	observed_otus	shannon	simpson
CS.035	65.71162	685.135135135	315	6.36193399321	0.965595480755
CS.084	84.86866	616.188679245	364	7.15972677409	0.985506861372
CS.217	73.89318	626.8	337	6.76226083092	0.975092809958
CS.172	57.76873	817.214285714	292	6.16415533253	0.967703288594
CS.143	67.21222	576.972972973	314	6.6797843935	0.974841527908
CS.313	79.00583	925.982142857	435	7.31479954166	0.986734528788
CS.009	41.96573	407.117647059	221	5.88402514309	0.968875212332
L.033.M1	62.57073	1082.625	468	6.966635126	0.980184211082
CS.038	51.52944	592.8	282	6.07038893117	0.957079327392
CS.001	87.25172	715.595744681	369	7.09209359199	0.985096187241
CS.021	55.93926	1502.25	291	6.45316861598	0.975866253496
CS.104	66.29261	659.7	309	6.42033473396	0.970498311467
CS.260	59.33226	720.333333333	338	6.4665581437	0.972846078421
CS.295	60.26104	823.610169492	385	6.52059363954	0.969244078704
CS.022	45.82996	489.444444444	225	5.91088745483	0.967185482082
CS.301	68.72994	923.15625	429	7.04717846796	0.981761582981
CS.066	52.22094	475.090909091	244	6.01373183012	0.967176336634
CS.377	58.07419	711.72	345	6.72719928304	0.981058690037
CS.373	63.72245	956.784313725	385	6.37312539508	0.958786477542
CS.067	35.34234	309.882352941	151	5.12352270866	0.944192956743
CS.367	35.51786	519.029411765	241	5.76612704329	0.963685824274
CS.368	79.21084	1118.78846154	441	7.18501345283	0.984324485694
CS.042	50.70491	1049.64705882	273	6.18995964707	0.973014615949
CS.072	85.78439	1171.27083333	437	7.02835033787	0.981414491484
CS.155	67.7537	843.1	408	7.22611250408	0.987524956728
CS.064	69.91233	564.756756757	298	6.60108838627	0.979089805897
CS.115	44.6346	385.681818182	187	5.64237523597	0.963870910706
CS.388	41.60466	649.9	295	6.18997178471	0.971357983507
CS.137	62.84043	551.246153846	338	6.61935329435	0.9750335823
CS.056	56.12641	668.625	269	6.37092230781	0.974595907325
CS.375	53.81888	1000.02040816	380	6.38446698704	0.97116331613
CS.292	64.59762	598.068181818	298	6.23962856774	0.966922441599
CS.376	55.0281	929.346938776	373	6.415152378	0.968378309699
CS.136	64.14091	552.825	299	6.56178134304	0.977852993033
CS.125	51.33107	765.220338983	368	6.42363013852	0.964026818806
CS.205	50.88079	888	402	6.5871287965	0.971146767226
CS.374	55.49643	923.660377358	378	6.69097223461	0.980555254941
CS.224	34.16981	560.84375	248	5.35862250666	0.923013407443
CS.213	43.6912	709.818181818	323	6.32848837632	0.970762222945
CS.282	51.91179	1016.15789474	353	6.38992314933	0.972062182944
CS.128	70.82491	1293.68421053	475	7.10430674274	0.979665969072
CS.302	37.88055	655.59375	268	5.84781774126	0.959819042084
CS.378	47.24715	569.085714286	279	6.46954394962	0.979322797052
CS.203	59.31398	919.344262295	405	6.38679076113	0.962855330565
CS.041	50.89165	534.833333333	251	5.60514453667	0.932337408646
CS.182	78.28983	838.180722892	448	7.10242456785	0.983314567021
CS.183	49.17559	583.914893617	303	5.98932294483	0.956720477462
CS.177	47.46495	668.033898305	354	6.15596419519	0.956793205542
CS.349	74.49299	795.6	429	7.02620693026	0.980594885213
CS.268	59.68666	596.083333333	298	6.55616118203	0.977718859807
CS.166	66.26063	928.5	376	6.78491363107	0.979089805897
CS.129	56.6716	935.459459459	348	6.71868482096	0.981093965333
CS.323	72.60433	997.172413793	430	7.1232104629	0.985316984467
CS.385	65.50113	890.038461538	388	6.87889430286	0.982373892448
CS.359	38.89341	629.75	313	6.1070300499	0.968807274724
CS.369	48.5155	451	271	5.76314234833	0.957610198829
CS.178	67.57516	702.666666667	358	6.77081022645	0.977249829013
CS.254	62.16516	754.75	389	6.85870674223	0.977434915445
CS.348	64.66566	918.294117647	333	6.50149004386	0.97650164433
CS.147	58.42932	847.230769231	406	6.74398006229	0.977459303304
T.CS.071	75.36113	1266.04761905	491	6.97095459806	0.97511153635
T.CS.058	66.55328	897.37254902	381	6.65214767477	0.976433706722
T.CS.004	69.63832	1299.5	497	7.23067328989	0.984696836045
T.CS.076	76.56586	892.720588235	435	7.24970832703	0.987209656547
T.CS.059	69.90013	526.411764706	316	6.58201432311	0.977206714762
T.CS.056	54.67527	866.294117647	327	6.30850200919	0.966642852212
T.CS.052	61.68187	710.631578947	358	6.74864951566	0.98111878869
T.CS.085	67.32207	1189.93617021	423	6.75640819582	0.974365964652
T.CS.023	40.38898	499.666666667	268	6.13024106614	0.972092667768
T.CS.035	76.21983	1083.65454545	438	7.05710720871	0.981128805132
T.CS.048	60.09315	1007	378	7.03084269579	0.985694125291
T.CS.012	50.08713	839.019230769	363	6.65453843847	0.980076207705
T.CS.007	48.22489	745.765957447	335	6.23828935331	0.967427618684
T.CS.072	85.50214	843.153846154	438	7.24228384431	0.983714353714
T.CS.067	58.81348	1082.875	415	6.37526497002	0.963068724334
T.CS.110	84.52998	1048.01587302	450	7.00845971088	0.979095902861
T.CS.177	88.74864	894.338709677	424	6.955839021	0.977892187807
T.CS.097	79.35565	1027.38356164	473	6.90584544245	0.973073843607
T.CS.147	89.123	1253.72727273	553	7.66722871465	0.988291432306
T.CS.129	84.34811	848	410	6.95106771073	0.977169261978
T.CS.120	73.60569	1351.02040816	460	7.04286832258	0.981471106157
T.CS.124	83.22163	896.25	408	7.08558195097	0.979719099766
T.CS.119	93.59639	864.126760563	450	7.2913131846	0.985620961713
T.CS.178	86.36602	914.050847458	432	7.21062976028	0.984780451563
T.CS.128	86.10473	1189.06976744	430	7.01123743532	0.977528982902
T.CS.115	92.23456	870.467741935	427	7.149093667	0.984338421613
T.CS.111	64.07223	1353.78181818	466	6.74258506348	0.974117731084
T.CS.125	69.24193	1161.109375	465	6.79783827372	0.974414304873
T.CS.108	89.05924	970.538461538	419	7.15242853132	0.985449375703
T.CS.122	76.49354	1227.68493151	502	6.96681409584	0.977097404892
CS.241	75.66734	726.2	368	6.85324627946	0.981113127223
L.034.M1	70.75508	1058.01587302	460	7.21846032357	0.984031395885
CS.082	89.14972	719	410	7.08168303188	0.980971155042
L.024.M1	56.79889	802.368421053	372	6.56552259482	0.975507403566
CS.103	70.81369	545.630434783	328	6.92782641686	0.982591205694
CS.238	66.18718	604	310	6.78334257858	0.982936990699
CS.246	72.58829	1082.61111111	425	6.81818603639	0.977180149415
CS.006	60.00565	727.487179487	319	6.23407554922	0.959827752034
CS.237	57.98729	597.757575758	277	5.98425714399	0.957877158788
CS.015	55.59772	709.317073171	312	5.93450621484	0.95455779694
CS.242	73.69293	1106.54237288	435	6.62854487692	0.96826377386
CS.085	80.66386	677.960784314	376	7.1406687311	0.98487277703
CS.087	50.38845	781.75	295	5.78199966618	0.947000173546
CS.356	35.34788	606.034482759	251	5.96774327889	0.970047136071
CS.088	40.29899	544.913043478	224	5.70294605883	0.957408127994
CS.311	57.14124	699.871794872	305	6.28005565622	0.971325756693
CS.188	59.07432	1038.67164179	464	6.99794933946	0.97794009253
CS.187	60.15305	960.222222222	375	6.40752613733	0.965895974022
CS.191	74.677	1144.9	440	7.05419639048	0.979959494379
CS.189	53.15177	700.923076923	297	6.12030120477	0.967521686142
CS.364	43.52221	580.181818182	319	6.22348126099	0.969224481317
CS.207	46.48063	583.27027027	269	5.94464040511	0.962924139168
CS.347.0	43.29714	470.034482759	232	6.06462280369	0.969047669337
CS.338	59.59067	761.9	341	6.63836859261	0.977309056671
CS.325	33.53254	593.5625	249	5.50557691382	0.947953477545
CS.346	39.3207	472.666666667	209	5.35391085463	0.943672537245
CS.274	52.58266	803.725806452	390	6.69418497968	0.973216686783
CS.044	53.45441	782.576923077	281	6.27449230745	0.972251624351
CS.164	34.23974	265.1875	127	4.474847785	0.918791259304
CS.228	56.21136	460.108108108	254	6.01750865849	0.96295157551
CS.285	38.21263	564.869565217	217	5.70768438952	0.966143772092
CS.194	40.20467	712.2	330	6.10918845056	0.964248487027
CS.202	50.96405	914.645833333	366	6.07334563574	0.954360952076
CS.319	53.9492	753.385964912	361	6.3871986511	0.967597462705
CS.343	44.51465	705.75	342	6.32668288632	0.966822277177
CS.322	49.82949	778.019230769	356	6.5752519076	0.977547273797
CS.163	48.48348	482.724137931	224	5.61125977418	0.957438177321
CS.227	37.19008	544.565217391	213	5.53732353545	0.953009167875
CS.112	52.42753	423.823529412	241	5.87623492148	0.956752704276
CS.080	46.68489	562.387096774	253	6.1549317024	0.971206865879
CS.321	59.33279	1066.12244898	400	6.50523760779	0.971733817839
CS.152	87.54165	1207.08196721	501	7.57518731551	0.989029600546
CS.158	52.29032	487.75	237	6.1880105362	0.974004937235
CS.331	69.81227	900.166666667	402	6.84844477802	0.980614047102
CS.361	48.34804	846.65	329	6.0839114268	0.959404448476
CS.270	55.99204	780.738095238	335	6.42339109332	0.97373710628
CS.326	56.58978	797.32	350	6.40306491496	0.973306834763
CS.255	63.33195	817.3	386	6.79222140496	0.980752535303
CS.393	55.79994	678.096774194	278	6.02509040176	0.963987188535
CS.253	35.3477	452	193	5.19197465655	0.944494756501
CS.390	56.30072	733.5	376	6.48283351825	0.970498311467
CS.262	54.74726	845.833333333	404	6.64796585148	0.975349753476
CS.370	66.09111	965	421	6.862358157	0.978998786922
CS.145	76.54653	1125.64179104	474	7.01539840853	0.978578531847
T.CS.045	65.05925	893.169491525	403	6.35761728919	0.947492721204
T.CS.061	64.21836	1020.47169811	419	6.95588355221	0.982369101976
T.CS.066	82.80711	1037.33333333	448	7.01610680501	0.979691227927
TFS.025	55.15351	777.637931034	381	6.71581603945	0.976676278822
TFS.021	74.06193	1249.06521739	589	7.7528956303	0.9875297472
TFS.020	74.43619	920	430	7.13757444011	0.984555299362
TFS.027	63.11404	821.0625	432	6.63983654244	0.971030053899
T.CS.049	50.15581	862.62	372	6.56196279248	0.974686055305
T.CS.036	73.66872	728.75	384	6.98749520503	0.980229067323
T.CS.064	78.30626	1207.17808219	508	7.17147354262	0.977475852209
T.CS.008	57.31252	887.5	436	6.58064120084	0.956473114889
T.CS.055	68.59212	1196.28571429	433	6.76564831284	0.975867559988
T.CS.026	47.56452	644.87755102	327	6.29978642405	0.972353966261
T.CS.043	62.43045	1125.4	417	6.89697890561	0.97904407866
T.CS.031	69.59732	1055.25	450	7.10036882505	0.982170950619
T.CS.151	68.85297	1059.6557377	451	6.86014303146	0.976006919184
T.CS.157	60.1959	897.659574468	371	6.57682651712	0.974680829335
T.CS.109	84.20443	1256.125	487	7.446466494	0.9877030752
T.CS.152	71.33776	1121.63793103	453	6.84242072759	0.972753317457
T.CS.142	61.04052	1043.50847458	428	6.72773244955	0.977238506078
T.CS.166	78.041	1034.08333333	472	7.11500391965	0.980617531082
T.CS.141	57.93121	978.701754386	415	6.85157191148	0.979743487625
T.CS.158	79.81069	1075.36842105	497	7.07137945874	0.977147922601
T.CS.095	81.92477	1068.01408451	494	7.4123257758	0.984782193553
